Date,Open,High,Low,Close,Adj Close,Volume
2019-01-02,91.63999938964844,93.6500015258789,91.63999938964844,93.33999633789062,85.89546966552734,8152700
2019-01-03,93.20999908447266,94.70999908447266,92.69999694824219,92.86000061035156,85.45375061035156,8277300
2019-01-04,93.20999908447266,93.66000366210938,92.69000244140625,93.44000244140625,85.98750305175781,8029100
2019-01-07,93.62000274658203,95.16999816894531,93.18000030517578,94.54000091552734,86.999755859375,7789700
2019-01-08,95.05999755859375,95.76000213623047,93.91000366210938,95.19999694824219,87.60710906982422,7200900
2019-01-09,95.70999908447266,96.13999938964844,94.7699966430664,94.88999938964844,87.32183074951172,6272300
2019-01-10,93.87999725341797,94.9800033569336,93.12000274658203,94.95999908447266,87.38627624511719,9396300
2019-01-11,94.98999786376953,95.29000091552734,94.55000305175781,94.83999633789062,87.27581787109375,5394600
2019-01-14,94.4800033569336,95.44999694824219,94.27999877929688,94.94999694824219,87.37704467773438,7085100
2019-01-15,95.47000122070312,96.5999984741211,95.37999725341797,96.25,88.5733642578125,7058200
2019-01-16,95.93000030517578,96.86000061035156,95.83000183105469,96.3499984741211,88.66539764404297,5410000
2019-01-17,96.31999969482422,97.20999908447266,96.16000366210938,96.73999786376953,89.02427673339844,5614500
2019-01-18,96.94999694824219,98.19999694824219,96.8499984741211,97.7300033569336,89.9353256225586,6120600
2019-01-22,97.1500015258789,98.43000030517578,96.77999877929688,97.48999786376953,89.71446228027344,8063200
2019-01-23,98.87000274658203,99.3499984741211,97.52999877929688,98.70999908447266,90.83716583251953,8345800
2019-01-24,98.19999694824219,98.45999908447266,96.43000030517578,98.36000061035156,90.51506805419922,7609700
2019-01-25,98.75,98.91000366210938,96.75,96.94000244140625,89.20832061767578,7218200
2019-01-28,96.52999877929688,97.06999969482422,96.08000183105469,97.05999755859375,89.31876373291016,5875800
2019-01-29,96.7699966430664,97.16000366210938,96.51000213623047,96.70999908447266,88.99668884277344,5253400
2019-01-30,96.68000030517578,96.80000305175781,94.26000213623047,94.80000305175781,87.23902130126953,11849300
2019-01-31,94.62999725341797,96.87000274658203,94.62999725341797,95.83000183105469,88.1868667602539,14723000
2019-02-01,95.91999816894531,96.0,93.11000061035156,93.86000061035156,86.37398529052734,12591900
2019-02-04,93.86000061035156,94.7699966430664,93.3499984741211,94.7699966430664,87.2114028930664,7268600
2019-02-05,95.25,95.94000244140625,95.0199966430664,95.5999984741211,87.9751968383789,6099900
2019-02-06,95.43000030517578,96.01000213623047,95.22000122070312,95.63999938964844,88.01200866699219,4264900
2019-02-07,95.11000061035156,96.81999969482422,95.0,96.7300033569336,89.01510620117188,7010100
2019-02-08,96.33999633789062,96.69000244140625,95.13999938964844,95.58000183105469,87.95683288574219,6169200
2019-02-11,95.6500015258789,96.3499984741211,95.63999938964844,96.19999694824219,88.52735137939453,5542800
2019-02-12,96.81999969482422,97.16999816894531,96.5,96.97000122070312,89.23594665527344,5881300
2019-02-13,97.30000305175781,98.0,97.08999633789062,97.94000244140625,90.12858581542969,5458500
2019-02-14,97.68000030517578,99.19999694824219,97.0199966430664,98.5199966430664,90.66232299804688,7200800
2019-02-15,98.9800033569336,100.0,98.86000061035156,99.98999786376953,92.01507568359375,9481000
2019-02-19,102.37999725341797,104.18000030517578,102.06999969482422,102.19999694824219,94.04879760742188,20697300
2019-02-20,101.80999755859375,102.33999633789062,98.6500015258789,99.87999725341797,91.91386413574219,17631800
2019-02-21,99.66000366210938,99.91999816894531,98.91000366210938,99.38999938964844,91.46293640136719,6413200
2019-02-22,99.81999969482422,100.16000366210938,99.13999938964844,99.55000305175781,91.61016082763672,8086900
2019-02-25,100.12000274658203,100.12999725341797,99.05000305175781,99.12000274658203,91.21444702148438,9235000
2019-02-26,99.0199966430664,99.05999755859375,97.87000274658203,98.69000244140625,90.81876373291016,8488100
2019-02-27,98.12000274658203,98.38999938964844,97.58999633789062,98.11000061035156,90.28501892089844,7902300
2019-02-28,98.11000061035156,99.47000122070312,97.7699966430664,98.98999786376953,91.0948257446289,11375900
2019-03-01,99.47000122070312,99.55999755859375,97.12000274658203,97.93000030517578,90.11936950683594,10352500
2019-03-04,98.12000274658203,98.58999633789062,97.37000274658203,97.8499984741211,90.0457534790039,7683800
2019-03-05,98.12999725341797,99.19000244140625,98.08999633789062,98.33999633789062,90.49665069580078,6119300
2019-03-06,98.2699966430664,99.0,97.86000061035156,98.26000213623047,90.42305755615234,4696600
2019-03-07,97.70999908447266,98.19999694824219,97.23999786376953,97.44999694824219,89.67766571044922,6126600
2019-03-08,97.55000305175781,98.41999816894531,97.0,97.58999633789062,89.80648803710938,5659000
2019-03-11,98.04000091552734,98.58000183105469,97.81999969482422,98.4800033569336,90.62550354003906,5345300
2019-03-12,98.52999877929688,98.73999786376953,98.05000305175781,98.37000274658203,90.52427673339844,5070500
2019-03-13,98.69999694824219,99.3499984741211,98.38999938964844,99.02999877929688,91.13163757324219,5482300
2019-03-14,98.41000366210938,98.43000030517578,97.58999633789062,98.22000122070312,90.87257385253906,4925800
2019-03-15,98.27999877929688,98.51000213623047,97.5999984741211,98.41999816894531,91.05762481689453,14600000
2019-03-18,98.30000305175781,99.7699966430664,98.26000213623047,99.66000366210938,92.20487213134766,5770100
2019-03-19,99.98999786376953,100.48999786376953,99.56999969482422,99.8499984741211,92.38063049316406,5414400
2019-03-20,99.19999694824219,99.55000305175781,98.54000091552734,98.63999938964844,91.26118469238281,6323100
2019-03-21,98.25,99.12999725341797,98.0999984741211,99.05999755859375,91.64974975585938,6551000
2019-03-22,98.58000183105469,99.52999877929688,97.94000244140625,98.27999877929688,90.92809295654297,6708100
2019-03-25,97.80000305175781,98.62000274658203,97.62999725341797,98.16999816894531,90.8263168334961,5407400
2019-03-26,98.36000061035156,98.8499984741211,98.02999877929688,98.31999969482422,90.96512603759766,4945900
2019-03-27,98.13999938964844,98.86000061035156,95.0,97.20999908447266,89.9381332397461,8471200
2019-03-28,97.58999633789062,97.87000274658203,96.52999877929688,97.12999725341797,89.86412811279297,8054300
2019-03-29,97.58999633789062,97.66999816894531,97.04000091552734,97.52999877929688,90.23419189453125,7439900
2019-04-01,97.97000122070312,98.36000061035156,97.55999755859375,97.81999969482422,90.50250244140625,8505800
2019-04-02,97.76000213623047,98.30999755859375,96.9000015258789,96.94000244140625,89.68832397460938,6274000
2019-04-03,97.12000274658203,97.4000015258789,96.79000091552734,97.19000244140625,89.91962432861328,5687500
2019-04-04,97.25,98.27999877929688,97.23999786376953,98.11000061035156,90.77081298828125,4026300
2019-04-05,98.25,99.19999694824219,98.16000366210938,98.83000183105469,91.43696594238281,4656000
2019-04-08,98.44999694824219,99.25,98.26000213623047,99.2300033569336,91.80703735351562,5422400
2019-04-09,98.80000305175781,99.2300033569336,98.1500015258789,98.69000244140625,91.30743408203125,4367500
2019-04-10,98.51000213623047,99.72000122070312,98.5,99.5999984741211,92.14936065673828,4091100
2019-04-11,99.69999694824219,100.83000183105469,99.47000122070312,100.80000305175781,93.25958251953125,5606900
2019-04-12,101.0,102.0199966430664,101.0,101.55999755859375,93.96272277832031,5162000
2019-04-15,101.30000305175781,102.91000366210938,101.26000213623047,102.43000030517578,94.76766204833984,5111900
2019-04-16,102.88999938964844,103.38999938964844,102.54000091552734,102.93000030517578,95.23023986816406,4828400
2019-04-17,103.0,103.4000015258789,102.41000366210938,103.16000366210938,95.44304656982422,3729200
2019-04-18,103.11000061035156,103.80000305175781,102.88999938964844,103.18000030517578,95.4615707397461,3727800
2019-04-22,102.77999877929688,103.54000091552734,102.16999816894531,102.37000274658203,94.7121353149414,5079400
2019-04-23,102.52999877929688,103.29000091552734,101.94000244140625,103.06999969482422,95.35977172851562,5050800
2019-04-24,103.13999938964844,103.8499984741211,103.08999633789062,103.52999877929688,95.78536987304688,4697800
2019-04-25,103.23999786376953,104.1500015258789,102.83000183105469,103.5199966430664,95.77611541748047,3961100
2019-04-26,100.44999694824219,102.33999633789062,99.66000366210938,101.52999877929688,93.93498229980469,8107700
2019-04-29,101.87999725341797,102.0,100.77999877929688,101.55999755859375,93.96272277832031,6379700
2019-04-30,101.7699966430664,102.91999816894531,101.44999694824219,102.83999633789062,95.14698028564453,6133600
2019-05-01,102.7699966430664,102.80999755859375,101.27999877929688,101.36000061035156,93.7776870727539,5337200
2019-05-02,101.43000030517578,102.05999755859375,100.23999786376953,101.1500015258789,93.58341217041016,5007000
2019-05-03,102.31999969482422,102.75,101.80000305175781,102.08000183105469,94.44385528564453,5316900
2019-05-06,100.75,102.55000305175781,100.54000091552734,102.45999908447266,94.79540252685547,4613700
2019-05-07,101.80000305175781,102.16999816894531,100.76000213623047,101.30000305175781,93.72219848632812,4575600
2019-05-08,100.25,101.04000091552734,99.86000061035156,100.30000305175781,92.79698944091797,5882000
2019-05-09,99.2699966430664,99.94000244140625,98.8499984741211,99.54000091552734,92.58306121826172,6240100
2019-05-10,99.76000213623047,102.11000061035156,99.69999694824219,101.91000366210938,94.78744506835938,8742700
2019-05-13,100.44999694824219,101.1500015258789,99.01000213623047,99.88999938964844,92.90859985351562,7361500
2019-05-14,100.13999938964844,100.87000274658203,99.88999938964844,100.29000091552734,93.2806625366211,6353700
2019-05-15,100.19999694824219,100.36000061035156,99.12999725341797,99.87999725341797,92.89929962158203,6740300
2019-05-16,102.83000183105469,103.95999908447266,100.83999633789062,101.30999755859375,94.22933959960938,17122000
2019-05-17,100.23999786376953,101.94999694824219,99.91000366210938,100.86000061035156,93.81080627441406,12371300
2019-05-20,100.38999938964844,101.9800033569336,100.25,101.5199966430664,94.4246826171875,7194100
2019-05-21,101.51000213623047,101.6500015258789,100.4000015258789,101.12000274658203,94.05265045166016,6889100
2019-05-22,101.5999984741211,102.43000030517578,101.05999755859375,102.2300033569336,95.08504486083984,7340900
2019-05-23,101.81999969482422,101.93000030517578,100.6500015258789,101.86000061035156,94.74090576171875,6454600
2019-05-24,102.18000030517578,102.88999938964844,102.08000183105469,102.66999816894531,95.49429321289062,4483200
2019-05-28,102.55999755859375,103.56999969482422,102.4000015258789,102.41999816894531,95.26176452636719,10271700
2019-05-29,102.11000061035156,102.87999725341797,101.47000122070312,102.12000274658203,94.98274993896484,6520200
2019-05-30,102.48999786376953,103.48999786376953,101.91000366210938,102.19000244140625,95.04786682128906,5019600
2019-05-31,101.3499984741211,102.0199966430664,100.5999984741211,101.44000244140625,94.35026550292969,5927500
2019-06-03,101.62999725341797,102.68000030517578,101.4000015258789,101.95999908447266,94.83392333984375,6614700
2019-06-04,102.61000061035156,102.6500015258789,101.44000244140625,102.55999755859375,95.39198303222656,5964900
2019-06-05,102.75,104.77999877929688,102.5999984741211,104.41999816894531,97.12200164794922,6902900
2019-06-06,104.48999786376953,105.66000366210938,104.19999694824219,105.11000061035156,97.7637710571289,8063700
2019-06-07,105.2300033569336,106.36000061035156,105.05000305175781,106.05999755859375,98.64736938476562,6809400
2019-06-10,106.4800033569336,107.77999877929688,106.37000274658203,107.5199966430664,100.00533294677734,6325700
2019-06-11,108.0,108.97000122070312,107.75,107.94000244140625,100.39596557617188,6747300
2019-06-12,107.91999816894531,108.91000366210938,107.91999816894531,108.81999969482422,101.21448516845703,4635100
2019-06-13,109.0,109.58000183105469,108.16999816894531,108.6500015258789,101.05635070800781,5485000
2019-06-14,108.77999877929688,109.58999633789062,108.45999908447266,109.06999969482422,101.44701385498047,4525900
2019-06-17,109.12000274658203,109.55000305175781,108.26000213623047,109.16000366210938,101.53071594238281,4147000
2019-06-18,109.80000305175781,109.95999908447266,108.91000366210938,109.6500015258789,101.98646545410156,4911200
2019-06-19,109.80000305175781,109.83999633789062,108.87000274658203,109.62000274658203,101.95858001708984,3924600
2019-06-20,109.81999969482422,110.48999786376953,109.27999877929688,110.31999969482422,102.60963439941406,5001500
2019-06-21,110.33999633789062,112.19000244140625,110.26000213623047,111.12999725341797,103.36302947998047,13178600
2019-06-24,111.48999786376953,112.22000122070312,111.02999877929688,111.23999786376953,103.46533203125,6032800
2019-06-25,110.87999725341797,111.43000030517578,110.4000015258789,110.72000122070312,102.981689453125,6105000
2019-06-26,110.8499984741211,111.08000183105469,110.0999984741211,110.16000366210938,102.46080780029297,4161700
2019-06-27,110.05999755859375,110.51000213623047,108.86000061035156,110.0999984741211,102.40502166748047,5481300
2019-06-28,110.55000305175781,111.51000213623047,110.23999786376953,110.48999786376953,102.76775360107422,6506700
2019-07-01,111.30000305175781,111.97000122070312,110.0199966430664,110.62000274658203,102.88868713378906,5514700
2019-07-02,110.83000183105469,111.61000061035156,110.33999633789062,111.5999984741211,103.8001708984375,4062900
2019-07-03,111.18000030517578,112.4000015258789,111.0,112.31999969482422,104.46984100341797,3207300
2019-07-05,112.0,112.23999786376953,111.20999908447266,111.9800033569336,104.15361785888672,3579400
2019-07-08,111.91999816894531,112.93000030517578,111.69999694824219,112.72000122070312,104.84190368652344,4715700
2019-07-09,112.88999938964844,113.37999725341797,112.5999984741211,112.87999725341797,104.99071502685547,5423400
2019-07-10,113.12000274658203,113.61000061035156,112.38999938964844,112.9800033569336,105.08372497558594,4579000
2019-07-11,113.33999633789062,113.94000244140625,113.0199966430664,113.91999816894531,105.9580307006836,3896600
2019-07-12,114.08999633789062,114.7699966430664,113.62000274658203,114.5999984741211,106.59051513671875,3743300
2019-07-15,114.66999816894531,115.08000183105469,114.44999694824219,114.9800033569336,106.9439468383789,3346000
2019-07-16,115.33000183105469,115.48999786376953,114.04000091552734,114.76000213623047,106.73932647705078,3488200
2019-07-17,114.80999755859375,115.16999816894531,114.19999694824219,114.5999984741211,106.59051513671875,2688500
2019-07-18,114.3499984741211,114.77999877929688,113.73999786376953,114.72000122070312,106.70213317871094,3223600
2019-07-19,115.0,115.30999755859375,113.86000061035156,113.9000015258789,105.93941497802734,3796300
2019-07-22,114.0999984741211,114.33999633789062,112.31999969482422,112.81999969482422,104.9349136352539,4516900
2019-07-23,113.12000274658203,113.19999694824219,111.56999969482422,112.08999633789062,104.25592041015625,5754200
2019-07-24,112.02999877929688,112.79000091552734,111.56999969482422,112.0,104.1722183227539,4177300
2019-07-25,112.18000030517578,112.38999938964844,111.66000366210938,112.22000122070312,104.37687683105469,3851500
2019-07-26,112.12000274658203,113.33999633789062,111.81999969482422,113.0199966430664,105.12092590332031,4729000
2019-07-29,112.83999633789062,112.9800033569336,111.76000213623047,112.2699966430664,104.42335510253906,3746600
2019-07-30,112.05999755859375,112.4000015258789,111.66999816894531,112.05999755859375,104.22801971435547,3035200
2019-07-31,111.91000366210938,112.33999633789062,109.62999725341797,110.37999725341797,102.66545104980469,6211300
2019-08-01,110.31999969482422,112.16999816894531,109.31999969482422,109.37999725341797,101.7353286743164,7455000
2019-08-02,109.73999786376953,110.13999938964844,108.1500015258789,109.4000015258789,101.75394439697266,5656700
2019-08-05,108.0,108.0,105.58999633789062,105.81999969482422,98.42414093017578,7570000
2019-08-06,106.19000244140625,107.83999633789062,105.58999633789062,107.2699966430664,99.7728042602539,7016400
2019-08-07,107.0199966430664,108.63999938964844,105.91999816894531,108.19999694824219,100.6378173828125,7278500
2019-08-08,108.01000213623047,108.83999633789062,107.7699966430664,108.5199966430664,101.4322738647461,4374400
2019-08-09,108.05999755859375,108.45999908447266,106.70999908447266,107.27999877929688,100.2732925415039,4193500
2019-08-12,106.72000122070312,106.83999633789062,104.83999633789062,105.22000122070312,98.34783172607422,5868400
2019-08-13,105.25,108.11000061035156,104.8499984741211,107.41000366210938,100.39480590820312,6675300
2019-08-14,105.4800033569336,108.05999755859375,105.13999938964844,106.19999694824219,99.26382446289062,9312800
2019-08-15,112.52999877929688,113.63999938964844,110.16000366210938,112.69000244140625,105.3299331665039,19812900
2019-08-16,114.08000183105469,114.93000030517578,112.05999755859375,112.98999786376953,105.61032104492188,10965200
2019-08-19,114.3499984741211,114.77999877929688,113.5999984741211,113.80999755859375,106.37677764892578,7178100
2019-08-20,113.86000061035156,114.04000091552734,112.01000213623047,112.05000305175781,104.73173522949219,6112300
2019-08-21,113.9800033569336,114.06999969482422,111.87999725341797,112.0199966430664,104.70370483398438,8156400
2019-08-22,112.19999694824219,112.79000091552734,111.3499984741211,111.91000366210938,104.60090637207031,5995400
2019-08-23,111.62000274658203,111.91000366210938,110.12999725341797,110.83000183105469,103.5914077758789,6236700
2019-08-26,111.55999755859375,112.2699966430664,111.22000122070312,111.98999786376953,104.67565155029297,5935700
2019-08-27,112.41999816894531,112.80999755859375,111.51000213623047,112.41999816894531,105.07757568359375,5733700
2019-08-28,112.27999877929688,113.08000183105469,111.68000030517578,112.72000122070312,105.35797882080078,5371000
2019-08-29,114.19999694824219,114.58999633789062,113.30999755859375,114.08000183105469,106.62916564941406,5270500
2019-08-30,115.0,115.37999725341797,113.9000015258789,114.26000213623047,106.79741668701172,5705300
2019-09-03,113.68000030517578,115.30999755859375,113.48999786376953,114.63999938964844,107.15258026123047,5942700
2019-09-04,115.69000244140625,115.95999908447266,114.81999969482422,115.91000366210938,108.33963775634766,5782900
2019-09-05,117.66999816894531,117.95999908447266,115.2699966430664,115.44000244140625,107.90032196044922,5826400
2019-09-06,115.44000244140625,115.75,114.62000274658203,114.7300033569336,107.23668670654297,4346400
2019-09-09,114.5,116.61000061035156,114.4000015258789,116.33000183105469,108.7322006225586,5973700
2019-09-10,115.98999786376953,116.95999908447266,115.4800033569336,116.05000305175781,108.47049713134766,4857400
2019-09-11,116.0,116.69999694824219,115.22000122070312,116.0199966430664,108.44243621826172,5284100
2019-09-12,116.6500015258789,117.06999969482422,115.9000015258789,116.91999816894531,109.28366088867188,4474300
2019-09-13,117.16000366210938,118.19000244140625,116.94999694824219,117.43000030517578,109.76036071777344,5638600
2019-09-16,116.54000091552734,117.16999816894531,115.37999725341797,115.56999969482422,108.0218276977539,6090300
2019-09-17,115.31999969482422,116.69000244140625,115.25,116.51000213623047,108.90044403076172,4604500
2019-09-18,116.91000366210938,117.2300033569336,116.18000030517578,117.16000366210938,109.50801086425781,3956000
2019-09-19,117.4000015258789,117.80999755859375,116.7699966430664,117.11000061035156,109.46125793457031,3380600
2019-09-20,117.3499984741211,117.63999938964844,116.80000305175781,116.9800033569336,109.3397445678711,11332400
2019-09-23,116.61000061035156,118.41000366210938,116.55999755859375,117.62000274658203,109.9379653930664,5162500
2019-09-24,118.25,119.86000061035156,118.01000213623047,118.4000015258789,110.6669921875,7273100
2019-09-25,118.47000122070312,118.72000122070312,117.80999755859375,118.47000122070312,110.73241424560547,4613600
2019-09-26,118.80000305175781,119.55000305175781,118.19000244140625,118.30000305175781,110.57354736328125,3986900
2019-09-27,119.20999908447266,119.2300033569336,117.75,118.44999694824219,110.7137451171875,3434700
2019-09-30,118.66999816894531,119.44000244140625,118.55999755859375,118.68000030517578,110.9287109375,3401400
2019-10-01,118.8499984741211,119.11000061035156,117.72000122070312,117.8499984741211,110.15291595458984,3729300
2019-10-02,117.4000015258789,117.55000305175781,115.61000061035156,116.12000274658203,108.5359115600586,5944500
2019-10-03,115.87999725341797,116.80000305175781,114.58000183105469,116.30999755859375,108.7135009765625,5206500
2019-10-04,116.4000015258789,118.30000305175781,116.19000244140625,118.16000366210938,110.44269561767578,4627000
2019-10-07,118.0999984741211,118.30000305175781,116.87999725341797,117.2300033569336,109.57343292236328,4695000
2019-10-08,116.80999755859375,118.66999816894531,116.66000366210938,117.58000183105469,109.90055847167969,5125100
2019-10-09,118.18000030517578,119.30000305175781,118.0199966430664,118.93000030517578,111.16238403320312,3903400
2019-10-10,118.9000015258789,119.87999725341797,118.5999984741211,119.61000061035156,111.7979965209961,4341500
2019-10-11,119.91999816894531,120.70999908447266,118.72000122070312,120.23999786376953,112.38683319091797,6127900
2019-10-14,119.8499984741211,120.45999908447266,119.0999984741211,119.16999816894531,111.38671112060547,4573300
2019-10-15,119.33000183105469,119.98999786376953,118.87000274658203,119.52999877929688,111.72319793701172,4516700
2019-10-16,119.30999755859375,120.11000061035156,119.0999984741211,119.41999816894531,111.62036895751953,3781600
2019-10-17,119.66999816894531,120.25,119.36000061035156,119.83999633789062,112.01294708251953,3910900
2019-10-18,120.44999694824219,120.5999984741211,119.12999725341797,119.13999938964844,111.35867309570312,5592300
2019-10-21,119.30000305175781,119.83000183105469,118.81999969482422,119.73999786376953,111.91948699951172,3410100
2019-10-22,119.75,120.16999816894531,119.38999938964844,119.58000183105469,111.76994323730469,2544700
2019-10-23,119.16999816894531,119.8499984741211,118.69000244140625,119.3499984741211,111.5549545288086,2840000
2019-10-24,119.1500015258789,119.56999969482422,118.51000213623047,119.0999984741211,111.3212661743164,2900300
2019-10-25,119.0,119.33000183105469,118.19999694824219,119.04000091552734,111.26519775390625,2564300
2019-10-28,119.25,119.69999694824219,118.52999877929688,119.22000122070312,111.43344116210938,3404600
2019-10-29,118.5,118.7300033569336,117.08000183105469,117.1500015258789,109.49864959716797,4791100
2019-10-30,117.18000030517578,118.37000274658203,117.05000305175781,118.0999984741211,110.38661193847656,2996200
2019-10-31,117.93000030517578,118.27999877929688,116.83000183105469,117.26000213623047,109.6014633178711,4881300
2019-11-01,117.91999816894531,117.97000122070312,117.2300033569336,117.62000274658203,109.9379653930664,3762600
2019-11-04,118.4000015258789,119.11000061035156,117.16999816894531,117.56999969482422,109.89122772216797,4646000
2019-11-05,117.68000030517578,119.13999938964844,117.08000183105469,118.86000061035156,111.09696960449219,4217100
2019-11-06,118.83000183105469,119.62000274658203,118.70999908447266,119.5,111.6951675415039,3614400
2019-11-07,120.0,120.91999816894531,119.54000091552734,120.2300033569336,112.37748718261719,4441400
2019-11-08,120.30999755859375,120.87999725341797,118.94000244140625,119.44000244140625,111.63907623291016,3832700
2019-11-11,118.69999694824219,119.62999725341797,118.27999877929688,119.04000091552734,111.26519775390625,4439000
2019-11-12,119.5999984741211,120.0,118.80999755859375,119.12000274658203,111.33998107910156,5063100
2019-11-13,119.16000366210938,121.36000061035156,118.66000366210938,120.9800033569336,113.07848358154297,7711800
2019-11-14,124.5999984741211,125.37999725341797,119.51000213623047,120.6500015258789,112.77005767822266,22504200
2019-11-15,120.68000030517578,121.0,118.37999725341797,118.87000274658203,111.10630798339844,10137700
2019-11-18,118.44999694824219,120.87000274658203,118.23999786376953,120.25,112.39616394042969,6548000
2019-11-19,120.11000061035156,120.36000061035156,119.70999908447266,119.88999938964844,112.05968475341797,3715400
2019-11-20,120.20999908447266,120.4800033569336,118.4000015258789,119.12999725341797,111.34932708740234,5075900
2019-11-21,118.83000183105469,120.0,118.66999816894531,119.86000061035156,112.0316390991211,4302800
2019-11-22,120.1500015258789,120.30000305175781,119.2699966430664,119.36000061035156,111.56430053710938,3843100
2019-11-25,120.0,120.0199966430664,117.9000015258789,118.91999816894531,111.15303802490234,5881500
2019-11-26,118.95999908447266,119.30000305175781,118.44999694824219,119.19000244140625,111.40542602539062,6292500
2019-11-27,119.38999938964844,119.80000305175781,118.7300033569336,118.76000213623047,111.00349426269531,3434100
2019-11-29,119.13999938964844,119.97000122070312,119.0,119.08999633789062,111.31192779541016,3157300
2019-12-02,119.1500015258789,119.37999725341797,117.83999633789062,119.27999877929688,111.4895248413086,5670900
2019-12-03,118.4000015258789,118.95999908447266,117.7699966430664,118.66999816894531,110.91937255859375,6594800
2019-12-04,119.12000274658203,119.19999694824219,118.30000305175781,118.69000244140625,110.93807983398438,5556600
2019-12-05,118.36000061035156,118.77999877929688,117.41999816894531,118.66000366210938,111.40751647949219,4352800
2019-12-06,119.08000183105469,119.80000305175781,118.91999816894531,119.77999877929688,112.45906066894531,4340800
2019-12-09,119.56999969482422,119.86000061035156,119.18000030517578,119.36000061035156,112.06471252441406,4816000
2019-12-10,119.3499984741211,119.55999755859375,119.0199966430664,119.13999938964844,111.85816955566406,4282300
2019-12-11,119.4000015258789,119.6500015258789,118.52999877929688,119.0,111.72673034667969,3506400
2019-12-12,119.0,120.11000061035156,118.68000030517578,119.76000213623047,112.44029235839844,4149000
2019-12-13,119.16000366210938,120.6500015258789,119.0199966430664,120.29000091552734,112.9378662109375,5366300
2019-12-16,120.41999816894531,121.3499984741211,120.41999816894531,120.54000091552734,113.17259979248047,5350700
2019-12-17,120.94999694824219,121.69999694824219,120.69999694824219,121.27999877929688,113.86735534667969,4575800
2019-12-18,121.51000213623047,121.68000030517578,119.83999633789062,119.86000061035156,112.53414916992188,5103000
2019-12-19,119.94000244140625,120.51000213623047,119.77999877929688,120.08000183105469,112.74072265625,4464100
2019-12-20,121.4800033569336,122.12000274658203,120.0199966430664,120.29000091552734,112.9378662109375,7954400
2019-12-23,120.19999694824219,120.69000244140625,119.01000213623047,119.02999877929688,111.75489044189453,4485800
2019-12-24,119.12999725341797,119.5999984741211,119.01000213623047,119.51000213623047,112.20555114746094,2227400
2019-12-26,119.61000061035156,119.8499984741211,118.94999694824219,119.5199966430664,112.21492004394531,4223800
2019-12-27,119.94000244140625,119.94000244140625,119.25,119.58999633789062,112.28065490722656,3544000
2019-12-30,119.80000305175781,119.80999755859375,119.12999725341797,119.4000015258789,112.10226440429688,2945800
2019-12-31,119.5,119.80000305175781,118.19000244140625,118.83999633789062,111.57650756835938,4912000
2020-01-02,118.86000061035156,119.88999938964844,118.69999694824219,118.94000244140625,111.6703872680664,6764900
2020-01-03,118.2699966430664,118.79000091552734,117.58999633789062,117.88999938964844,110.6845703125,5399200
2020-01-06,117.4000015258789,118.08999633789062,116.7699966430664,117.6500015258789,110.459228515625,6445500
2020-01-07,117.26000213623047,117.5199966430664,116.19999694824219,116.55999755859375,109.43584442138672,6846900
2020-01-08,116.30000305175781,116.7300033569336,115.68000030517578,116.16000366210938,109.06029510498047,5875800
2020-01-09,116.1500015258789,117.37000274658203,116.08000183105469,117.36000061035156,110.18695831298828,5563700
2020-01-10,117.23999786376953,117.33999633789062,115.9800033569336,116.37999725341797,109.266845703125,6054800
2020-01-13,116.37999725341797,116.55000305175781,115.37000274658203,115.87999725341797,108.79742431640625,6112600
2020-01-14,115.47000122070312,116.20999908447266,115.12999725341797,116.18000030517578,109.07908630371094,6585800
2020-01-15,114.62999725341797,115.87000274658203,114.5199966430664,115.27999877929688,108.23409271240234,7454200
2020-01-16,115.5,115.93000030517578,115.27999877929688,115.9000015258789,108.81620025634766,5369400
2020-01-17,116.05000305175781,116.30000305175781,114.63999938964844,114.95999908447266,107.93364715576172,10045000
2020-01-21,114.58999633789062,115.69000244140625,114.5199966430664,115.58999633789062,108.52513122558594,7353700
2020-01-22,115.22000122070312,116.52999877929688,115.18000030517578,116.0999984741211,109.00395202636719,4926100
2020-01-23,116.20999908447266,116.30999755859375,115.04000091552734,115.80999755859375,108.731689453125,4305100
2020-01-24,116.0,116.02999877929688,114.1500015258789,114.37000274658203,107.37969970703125,4383400
2020-01-27,113.19000244140625,116.2300033569336,112.68000030517578,115.86000061035156,108.77864837646484,7018400
2020-01-28,115.9800033569336,116.9000015258789,115.94999694824219,116.5999984741211,109.47340393066406,5270200
2020-01-29,116.55999755859375,117.12000274658203,115.88999938964844,115.88999938964844,108.80680847167969,3775500
2020-01-30,115.61000061035156,116.72000122070312,115.33000183105469,116.58000183105469,109.45464324951172,4581500
2020-01-31,115.80000305175781,116.26000213623047,113.9000015258789,114.48999786376953,107.49239349365234,7775800
2020-02-03,114.9000015258789,115.38999938964844,114.0999984741211,114.2699966430664,107.28581237792969,4347100
2020-02-04,115.23999786376953,116.23999786376953,114.88999938964844,115.2699966430664,108.22470092773438,5232200
2020-02-05,115.5999984741211,116.94999694824219,114.8499984741211,116.80999755859375,109.67058563232422,5682900
2020-02-06,116.83000183105469,117.2300033569336,116.05999755859375,116.30999755859375,109.20112609863281,5352900
2020-02-07,116.11000061035156,116.76000213623047,115.76000213623047,116.44999694824219,109.33257293701172,3689600
2020-02-10,115.75,116.9800033569336,115.05000305175781,115.25,108.20594024658203,6144900
2020-02-11,115.43000030517578,115.5,114.44000244140625,115.4000015258789,108.34675598144531,5796800
2020-02-12,115.5,116.41999816894531,115.41000366210938,115.8499984741211,108.76924896240234,4735600
2020-02-13,115.8499984741211,117.54000091552734,115.58000183105469,117.44000244140625,110.26206970214844,5333200
2020-02-14,117.66999816894531,118.56999969482422,117.16000366210938,117.88999938964844,110.6845703125,8130600
2020-02-18,118.47000122070312,119.94999694824219,117.36000061035156,119.62999725341797,112.31820678710938,11513200
2020-02-19,119.5,119.94000244140625,117.68000030517578,117.68000030517578,110.4874038696289,7187800
2020-02-20,117.20999908447266,118.11000061035156,116.86000061035156,117.69000244140625,110.49678802490234,5022900
2020-02-21,117.44000244140625,118.75,117.30999755859375,118.58000183105469,111.3323974609375,6242100
2020-02-24,117.45999908447266,118.45999908447266,115.94999694824219,116.31999969482422,109.21051025390625,6616000
2020-02-25,116.3499984741211,117.06999969482422,114.05000305175781,114.38999938964844,107.39849853515625,7764300
2020-02-26,114.69999694824219,115.16999816894531,113.6500015258789,113.77999877929688,106.82575225830078,6673300
2020-02-27,112.55999755859375,114.06999969482422,110.3499984741211,110.4000015258789,103.65235900878906,9492300
2020-02-28,107.69000244140625,108.5199966430664,104.37000274658203,107.68000030517578,101.09860229492188,17456400
2020-03-02,107.5999984741211,116.4000015258789,107.29000091552734,115.87999725341797,108.79742431640625,17074200
2020-03-03,116.08000183105469,117.52999877929688,112.33999633789062,112.91000366210938,106.00895690917969,11113600
2020-03-04,114.23999786376953,116.83999633789062,113.47000122070312,116.7699966430664,109.63301086425781,8208400
2020-03-05,114.4000015258789,117.25,113.91000366210938,115.91999816894531,108.83497619628906,8546100
2020-03-06,113.87000274658203,117.91000366210938,113.01000213623047,117.2300033569336,110.06492614746094,9803700
2020-03-09,113.81999969482422,120.62999725341797,112.7300033569336,117.16000366210938,109.99920654296875,19747800
2020-03-10,118.0999984741211,120.68000030517578,114.91999816894531,119.79000091552734,112.46842193603516,12599100
2020-03-11,117.51000213623047,119.02999877929688,112.80000305175781,114.43000030517578,107.43603515625,10540000
2020-03-12,106.0199966430664,111.48999786376953,102.9800033569336,104.05000305175781,97.69046020507812,18774400
2020-03-13,108.23999786376953,114.58999633789062,103.87999725341797,114.0999984741211,107.1261978149414,14320700
2020-03-16,105.19999694824219,111.33000183105469,102.0,106.76000213623047,100.23482513427734,12251300
2020-03-17,112.7699966430664,119.2699966430664,110.45999908447266,119.26000213623047,111.97083282470703,17602000
2020-03-18,115.0,128.0800018310547,114.5,122.58000183105469,115.08792877197266,25785300
2020-03-19,124.45999908447266,127.0,117.62999725341797,119.44999694824219,112.64543914794922,19033500
2020-03-20,119.5,122.79000091552734,111.88999938964844,113.97000122070312,107.47760772705078,18474500
2020-03-23,114.16999816894531,117.54000091552734,112.20999908447266,114.27999877929688,107.76995849609375,13122000
2020-03-24,115.87000274658203,117.37000274658203,111.30999755859375,115.02999877929688,108.47723388671875,14235000
2020-03-25,112.97000122070312,114.0,108.05000305175781,109.4000015258789,103.16796112060547,17762500
2020-03-26,109.4000015258789,110.87000274658203,106.8499984741211,109.81999969482422,103.56402587890625,19416900
2020-03-27,110.11000061035156,112.27999877929688,108.5999984741211,109.58000183105469,103.33769226074219,12053500
2020-03-30,111.86000061035156,115.80000305175781,110.94000244140625,115.19000244140625,108.62814331054688,9737500
2020-03-31,114.30999755859375,116.19000244140625,112.63999938964844,113.62000274658203,107.1475601196289,8752800
2020-04-01,112.1500015258789,115.52999877929688,111.80000305175781,114.13999938964844,107.637939453125,9423200
2020-04-02,113.18000030517578,119.11000061035156,112.33999633789062,118.6500015258789,111.89100646972656,9838500
2020-04-03,117.20999908447266,119.91000366210938,117.02999877929688,119.4800033569336,112.67375183105469,9541700
2020-04-06,119.05999755859375,126.38999938964844,118.94000244140625,126.06999969482422,118.88833618164062,15922900
2020-04-07,123.9800033569336,126.48999786376953,121.63999938964844,121.98999786376953,115.04076385498047,13789900
2020-04-08,123.69000244140625,123.80999755859375,120.58999633789062,121.83999633789062,114.8992919921875,9292200
2020-04-09,118.22000122070312,122.87000274658203,117.66000366210938,121.80000305175781,114.8615951538086,10942900
2020-04-13,121.2699966430664,125.66999816894531,121.16999816894531,125.30000305175781,118.1622085571289,8064700
2020-04-14,127.0999984741211,129.7899932861328,126.04000091552734,129.0,121.65142822265625,11366300
2020-04-15,129.0,129.8800048828125,127.12000274658203,128.75999450683594,121.42507934570312,7478400
2020-04-16,129.0,132.9199981689453,128.25,132.3300018310547,124.79173278808594,10627400
2020-04-17,131.47999572753906,132.97000122070312,129.72999572753906,132.1199951171875,124.59370422363281,10305100
2020-04-20,132.38999938964844,133.3800048828125,129.75999450683594,129.85000610351562,122.45301818847656,8133900
2020-04-21,130.07000732421875,131.02999877929688,128.16000366210938,129.2100067138672,121.84947967529297,9300200
2020-04-22,130.0,132.3800048828125,128.89999389648438,131.58999633789062,124.09387969970703,6482700
2020-04-23,129.85000610351562,131.08999633789062,127.7300033569336,128.52999877929688,121.20819091796875,9613300
2020-04-24,129.35000610351562,129.88999938964844,128.55999755859375,129.44000244140625,122.06636810302734,5781200
2020-04-27,130.0,130.30999755859375,128.1699981689453,128.3000030517578,120.99129486083984,5974600
2020-04-28,128.27999877929688,130.24000549316406,127.69999694824219,128.0,120.7083969116211,6910700
2020-04-29,125.56999969482422,125.76000213623047,122.55000305175781,123.5999984741211,116.55903625488281,14870700
2020-04-30,123.08000183105469,123.44000244140625,121.04000091552734,121.55000305175781,114.62582397460938,13499300
2020-05-01,121.4800033569336,123.69000244140625,120.77999877929688,122.91999816894531,115.91777801513672,10381300
2020-05-04,123.83999633789062,124.4000015258789,121.70999908447266,123.69999694824219,116.6533432006836,5935900
2020-05-05,123.80000305175781,125.26000213623047,123.26000213623047,124.7300033569336,117.62466430664062,6445800
2020-05-06,125.20999908447266,125.48999786376953,122.8499984741211,123.30000305175781,116.27613067626953,5769700
2020-05-07,123.45999908447266,123.9800033569336,121.5,121.88999938964844,115.45207214355469,9115200
2020-05-08,122.75,123.01000213623047,121.62000274658203,122.94000244140625,116.44662475585938,6943600
2020-05-11,123.04000091552734,124.30999755859375,123.01000213623047,123.66999816894531,117.1380615234375,8447300
2020-05-12,124.4800033569336,125.66000366210938,123.77999877929688,123.77999877929688,117.24225616455078,6366700
2020-05-13,123.5,126.23999786376953,123.08999633789062,123.70999908447266,117.17596435546875,9725100
2020-05-14,124.8499984741211,125.12999725341797,121.30000305175781,123.41999816894531,116.9012680053711,7411000
2020-05-15,123.47000122070312,125.94000244140625,123.08999633789062,125.94000244140625,119.28816986083984,10590000
2020-05-18,127.5,128.55999755859375,126.0999984741211,127.66000366210938,120.9173355102539,12877900
2020-05-19,131.75,131.99000549316406,124.80999755859375,124.94999694824219,118.35044860839844,24915400
2020-05-20,126.48999786376953,126.58999633789062,124.62999725341797,125.44999694824219,118.82403564453125,10748800
2020-05-21,124.88999938964844,126.13999938964844,124.25,124.98999786376953,118.38834381103516,7482700
2020-05-22,125.0999984741211,125.3499984741211,123.7699966430664,124.33000183105469,117.7632064819336,7453200
2020-05-26,124.33999633789062,125.51000213623047,123.62999725341797,123.86000061035156,117.31803131103516,7910200
2020-05-27,123.97000122070312,124.48999786376953,121.02999877929688,122.4800033569336,116.01092529296875,10357900
2020-05-28,123.72000122070312,124.94999694824219,123.16000366210938,123.69000244140625,117.15702056884766,8141600
2020-05-29,124.23999786376953,124.70999908447266,121.93000030517578,124.05999755859375,117.50746154785156,9770400
2020-06-01,123.44000244140625,124.41000366210938,122.36000061035156,123.95999908447266,117.41275787353516,6850100
2020-06-02,123.58999633789062,124.1500015258789,122.80999755859375,123.94000244140625,117.39380645751953,6395900
2020-06-03,123.9000015258789,123.98999786376953,122.66000366210938,123.47000122070312,116.94861602783203,6754300
2020-06-04,122.80000305175781,123.88999938964844,121.81999969482422,122.11000061035156,115.66047668457031,8005000
2020-06-05,122.56999969482422,122.68000030517578,119.91000366210938,121.55999755859375,115.13949584960938,13112400
2020-06-08,119.58000183105469,121.23999786376953,119.45999908447266,121.23999786376953,114.83641052246094,9448100
2020-06-09,121.5999984741211,122.0,120.55999755859375,121.3499984741211,114.94060516357422,6915400
2020-06-10,121.55999755859375,122.5,121.12999725341797,121.16000366210938,114.7606430053711,9380500
2020-06-11,120.98999786376953,122.58000183105469,119.4800033569336,120.08999633789062,113.74715423583984,11387600
2020-06-12,120.51000213623047,120.75,117.05999755859375,117.73999786376953,111.52128601074219,10786400
2020-06-15,118.4000015258789,118.68000030517578,117.01000213623047,118.08000183105469,111.84331512451172,10901100
2020-06-16,119.80000305175781,120.2300033569336,118.54000091552734,119.6500015258789,113.33039093017578,8389200
2020-06-17,119.86000061035156,120.12999725341797,118.4000015258789,119.02999877929688,112.7431411743164,6722300
2020-06-18,118.54000091552734,119.05999755859375,117.66000366210938,117.98999786376953,111.75806427001953,6690000
2020-06-19,118.88999938964844,120.30000305175781,117.75,119.8499984741211,113.51982116699219,13359600
2020-06-22,120.97000122070312,122.08999633789062,120.4000015258789,121.68000030517578,115.25318145751953,9112800
2020-06-23,122.75,122.8499984741211,120.95999908447266,121.06999969482422,114.67539978027344,6575900
2020-06-24,120.73999786376953,121.12000274658203,119.58000183105469,120.30000305175781,113.94607543945312,6871600
2020-06-25,119.76000213623047,120.16000366210938,118.37999725341797,119.70999908447266,113.38721466064453,6856600
2020-06-26,119.5999984741211,120.83999633789062,118.0199966430664,118.31999969482422,112.07064056396484,8997200
2020-06-29,118.5,119.68000030517578,118.22000122070312,119.05999755859375,112.77154541015625,5503800
2020-06-30,119.22000122070312,120.12999725341797,118.54000091552734,119.77999877929688,113.45353698730469,6836400
2020-07-01,119.44999694824219,119.91999816894531,118.66000366210938,119.69000244140625,113.36829376220703,6577900
2020-07-02,120.08999633789062,120.87999725341797,118.86000061035156,119.20999908447266,112.91363525390625,5898600
2020-07-06,119.80000305175781,119.87000274658203,118.22000122070312,118.88999938964844,112.61053466796875,7231700
2020-07-07,118.44999694824219,127.55000305175781,118.22000122070312,126.94999694824219,120.24483489990234,31152700
2020-07-08,128.0,128.1300048828125,124.4000015258789,124.44000244140625,117.86739349365234,17405700
2020-07-09,125.61000061035156,128.17999267578125,124.94999694824219,127.75,121.00257873535156,14257200
2020-07-10,128.74000549316406,131.3699951171875,127.26000213623047,130.67999267578125,123.77781677246094,14745600
2020-07-13,131.3300018310547,133.6300048828125,128.88999938964844,129.52000427246094,122.6791000366211,14112800
2020-07-14,129.27999877929688,132.5,129.02999877929688,132.00999450683594,125.03758239746094,8818600
2020-07-15,132.27000427246094,134.1300048828125,130.8000030517578,132.0,125.02810668945312,10577100
2020-07-16,132.0500030517578,132.72999572753906,131.24000549316406,132.1999969482422,125.21753692626953,5892200
2020-07-17,133.3699951171875,133.3699951171875,131.47000122070312,131.74000549316406,124.78184509277344,6063200
2020-07-20,131.9600067138672,132.74000549316406,131.13999938964844,131.47000122070312,124.52609252929688,6114200
2020-07-21,131.55999755859375,133.99000549316406,131.4499969482422,132.3300018310547,125.34066009521484,7237500
2020-07-22,132.57000732421875,133.02999877929688,131.19000244140625,132.66000366210938,125.65325927734375,5388200
2020-07-23,133.0,133.14999389648438,131.30999755859375,131.63999938964844,124.68711853027344,5598800
2020-07-24,130.9499969482422,132.39999389648438,130.50999450683594,131.24000549316406,124.3082504272461,4345800
2020-07-27,130.86000061035156,131.97999572753906,130.86000061035156,131.2100067138672,124.27983093261719,4681900
2020-07-28,131.5,132.3800048828125,130.9199981689453,131.75999450683594,124.80076599121094,4804700
2020-07-29,131.55999755859375,131.86000061035156,129.85000610351562,130.69000244140625,123.78727722167969,4741100
2020-07-30,129.4199981689453,130.4199981689453,128.72000122070312,130.1199951171875,123.24738311767578,4596100
2020-07-31,129.64999389648438,130.08999633789062,127.62000274658203,129.39999389648438,122.56539916992188,7210500
2020-08-03,129.91000366210938,130.1199951171875,128.27000427246094,129.3000030517578,122.47071075439453,4990500
2020-08-04,129.64999389648438,131.7100067138672,128.94000244140625,131.63999938964844,124.68711853027344,6073200
2020-08-05,130.4499969482422,130.75,128.8300018310547,129.80999755859375,122.95377349853516,8494500
2020-08-06,129.1300048828125,130.22999572753906,129.02999877929688,129.35000610351562,122.51807403564453,4832100
2020-08-07,129.5800018310547,130.4600067138672,129.11000061035156,129.97000122070312,123.10533142089844,5519500
2020-08-10,130.24000549316406,132.33999633789062,129.64999389648438,131.8800048828125,124.91447448730469,5894400
2020-08-11,132.58999633789062,132.8699951171875,129.72999572753906,130.1999969482422,123.32317352294922,8453400
2020-08-12,130.47000122070312,132.22999572753906,129.0800018310547,131.88999938964844,124.92388916015625,6364800
2020-08-13,131.2100067138672,131.9600067138672,130.72999572753906,131.85000610351562,125.39947509765625,6622400
2020-08-14,132.33999633789062,132.97000122070312,131.6300048828125,132.60000610351562,126.11275482177734,6702100
2020-08-17,134.35000610351562,136.1300048828125,133.85000610351562,135.60000610351562,128.96597290039062,13155000
2020-08-18,136.1699981689453,137.6300048828125,133.1699981689453,134.7100067138672,128.11952209472656,26744200
2020-08-19,134.2100067138672,134.66000366210938,131.85000610351562,132.41000366210938,125.93204498291016,12718400
2020-08-20,131.2100067138672,132.07000732421875,130.0500030517578,130.57000732421875,124.18207550048828,8936900
2020-08-21,130.5500030517578,132.6699981689453,130.10000610351562,131.6300048828125,125.1902084350586,8288000
2020-08-24,132.25,132.47999572753906,130.3300018310547,131.3300018310547,124.90487670898438,6604600
2020-08-25,130.8000030517578,131.24000549316406,129.6699981689453,130.6300048828125,124.23912048339844,7240800
2020-08-26,130.2100067138672,130.8800048828125,129.6999969482422,130.6999969482422,124.30570983886719,6271600
2020-08-27,131.0800018310547,139.35000610351562,130.89999389648438,136.6300048828125,129.9456024169922,39672900
2020-08-28,141.0,141.07000732421875,137.83999633789062,140.3000030517578,133.43605041503906,21350300
2020-08-31,137.47999572753906,138.88999938964844,135.52999877929688,138.85000610351562,132.05699157714844,15078800
2020-09-01,141.1999969482422,149.58999633789062,140.0500030517578,147.58999633789062,140.36936950683594,35599400
2020-09-02,151.25,151.3300018310547,145.61000061035156,147.67999267578125,140.45494079589844,17222000
2020-09-03,146.6999969482422,149.60000610351562,141.80999755859375,144.5399932861328,137.46859741210938,16005000
2020-09-04,144.02000427246094,145.0399932861328,140.10000610351562,142.8300018310547,135.84228515625,11327400
2020-09-08,141.41000366210938,141.89999389648438,138.25999450683594,138.4499969482422,131.67654418945312,11322300
2020-09-09,140.08999633789062,142.61000061035156,139.4499969482422,139.88999938964844,133.0460968017578,11223000
2020-09-10,140.05999755859375,140.5399932861328,136.58999633789062,136.80999755859375,130.1167449951172,11236400
2020-09-11,137.0500030517578,138.44000244140625,135.5500030517578,136.6999969482422,130.0121612548828,9626600
2020-09-14,136.13999938964844,141.10000610351562,135.8800048828125,137.32000732421875,130.60182189941406,15244600
2020-09-15,138.22999572753906,139.0800018310547,136.67999267578125,137.36000061035156,130.639892578125,10142600
2020-09-16,138.41000366210938,138.67999267578125,136.0500030517578,136.25999450683594,129.59368896484375,9286800
2020-09-17,135.42999267578125,137.57000732421875,135.02000427246094,136.69000244140625,130.00267028808594,12415000
2020-09-18,136.44000244140625,137.52999877929688,134.75,135.2899932861328,128.67112731933594,18236400
2020-09-21,136.5,137.24000549316406,135.2899932861328,137.07000732421875,130.36407470703125,15758500
2020-09-22,137.07000732421875,138.99000549316406,136.57000732421875,138.30999755859375,131.54339599609375,11034000
2020-09-23,139.0,139.24000549316406,135.82000732421875,135.99000549316406,129.3369140625,7711100
2020-09-24,135.72999572753906,137.7899932861328,135.07000732421875,136.6999969482422,130.0121612548828,9817700
2020-09-25,136.52000427246094,137.5399932861328,135.9600067138672,137.27000427246094,130.5542755126953,7539600
2020-09-28,137.16000366210938,138.0500030517578,136.72000122070312,137.25,130.5352325439453,7065700
2020-09-29,137.25,138.13999938964844,136.38999938964844,137.13999938964844,130.4306182861328,9234300
2020-09-30,137.38999938964844,141.74000549316406,137.1999969482422,139.91000366210938,133.06515502929688,11608800
2020-10-01,140.8000030517578,144.3800048828125,140.25999450683594,143.0800018310547,136.08001708984375,14430300
2020-10-02,142.33999633789062,143.10000610351562,140.1300048828125,140.5,133.6262664794922,8195000
2020-10-05,141.2899932861328,142.19000244140625,141.07000732421875,141.8000030517578,134.8626708984375,4753000
2020-10-06,141.8699951171875,142.94000244140625,140.25,140.6300048828125,133.7498779296875,7158500
2020-10-07,141.25999450683594,141.5500030517578,140.25,140.88999938964844,133.9971466064453,5649700
2020-10-08,141.50999450683594,142.08999633789062,141.1199951171875,141.36000061035156,134.44422912597656,4892300
2020-10-09,141.66000366210938,143.33999633789062,141.55999755859375,142.77999877929688,135.79470825195312,4831600
2020-10-12,143.02000427246094,145.38999938964844,143.02000427246094,144.25,137.19281005859375,6134100
2020-10-13,144.67999267578125,146.60000610351562,144.36000061035156,146.22999572753906,139.07591247558594,7933400
2020-10-14,146.39999389648438,146.52999877929688,143.75999450683594,143.94000244140625,136.89796447753906,6570300
2020-10-15,143.08999633789062,144.9600067138672,142.83999633789062,144.52999877929688,137.45912170410156,4564200
2020-10-16,145.39999389648438,146.14999389648438,144.47000122070312,144.7100067138672,137.63027954101562,5645000
2020-10-19,145.10000610351562,145.3699951171875,142.75,142.9499969482422,135.95640563964844,4881100
2020-10-20,144.11000061035156,145.52999877929688,143.6199951171875,143.89999389648438,136.85992431640625,4841000
2020-10-21,143.83999633789062,145.72999572753906,143.83999633789062,144.39999389648438,137.33544921875,4371400
2020-10-22,144.19000244140625,144.55999755859375,142.69000244140625,143.5500030517578,136.52703857421875,4448000
2020-10-23,143.97000122070312,144.13999938964844,142.85000610351562,143.85000610351562,136.81236267089844,3513500
2020-10-26,142.83999633789062,143.1199951171875,140.94000244140625,142.16000366210938,135.20506286621094,5370600
2020-10-27,142.0500030517578,143.6999969482422,141.97000122070312,142.8699951171875,135.8802947998047,3943700
2020-10-28,140.9600067138672,142.1300048828125,139.8800048828125,140.0399932861328,133.18875122070312,5616400
2020-10-29,140.0,141.11000061035156,138.6999969482422,139.9199981689453,133.0745849609375,5051300
2020-10-30,139.17999267578125,140.08999633789062,137.3699951171875,138.75,131.96189880371094,6200600
2020-11-02,140.58999633789062,140.80999755859375,139.02999877929688,140.39999389648438,133.5311279296875,5525200
2020-11-03,141.64999389648438,144.16000366210938,141.57000732421875,142.77999877929688,135.79470825195312,5137700
2020-11-04,141.57000732421875,144.38999938964844,141.33999633789062,141.9600067138672,135.01483154296875,5975800
2020-11-05,144.0,144.22999572753906,142.94000244140625,143.47000122070312,136.45095825195312,4734200
2020-11-06,144.36000061035156,146.22000122070312,143.5500030517578,145.77000427246094,138.638427734375,5399500
2020-11-09,148.0,148.1999969482422,143.47999572753906,143.5399932861328,136.51751708984375,9399500
2020-11-10,143.75,146.44000244140625,143.52999877929688,145.55999755859375,138.438720703125,6066400
2020-11-11,146.9199981689453,148.9600067138672,146.39999389648438,147.97999572753906,140.7403106689453,6268600
2020-11-12,148.47999572753906,148.7100067138672,147.10000610351562,148.22999572753906,140.97805786132812,4188100
2020-11-13,148.94000244140625,150.94000244140625,147.52000427246094,150.5399932861328,143.17506408691406,6579400
2020-11-16,150.52999877929688,153.39999389648438,149.27999877929688,152.44000244140625,144.98211669921875,11520100
2020-11-17,150.5,153.24000549316406,149.17999267578125,149.3699951171875,142.06228637695312,14237200
2020-11-18,149.86000061035156,151.6699981689453,149.0500030517578,149.08999633789062,141.7960205078125,8312300
2020-11-19,149.4600067138672,152.4499969482422,149.32000732421875,152.1199951171875,144.677734375,6196900
2020-11-20,151.1699981689453,152.75999450683594,149.80999755859375,150.24000549316406,142.8897247314453,7312400
2020-11-23,150.3699951171875,151.39999389648438,149.3699951171875,150.92999267578125,143.54598999023438,6185700
2020-11-24,151.74000549316406,151.97999572753906,150.27000427246094,151.36000061035156,143.9549102783203,5718400
2020-11-25,151.25,152.38999938964844,151.2100067138672,151.8300018310547,144.40196228027344,4611100
2020-11-27,152.14999389648438,152.72000122070312,151.10000610351562,151.60000610351562,144.18321228027344,3666500
2020-11-30,151.60000610351562,152.9499969482422,150.10000610351562,152.7899932861328,145.31497192382812,10898500
2020-12-01,153.60000610351562,153.66000366210938,151.66000366210938,152.63999938964844,145.17233276367188,7645100
2020-12-02,152.0,152.6199951171875,149.52999877929688,150.52000427246094,143.15603637695312,7849000
2020-12-03,150.27999877929688,150.27999877929688,148.38999938964844,149.3000030517578,141.9957275390625,8575300
2020-12-04,149.50999450683594,149.50999450683594,147.5800018310547,148.91000366210938,141.6248321533203,6963100
2020-12-07,148.4600067138672,148.99000549316406,147.16000366210938,148.11000061035156,140.8639373779297,6159700
2020-12-08,147.36000061035156,149.85000610351562,147.17999267578125,149.4499969482422,142.13841247558594,6905500
2020-12-09,150.0,150.0,147.88999938964844,148.27000427246094,141.01612854003906,6713200
2020-12-10,147.75,148.14999389648438,146.57000732421875,147.0399932861328,140.3574676513672,6884100
2020-12-11,146.9199981689453,147.50999450683594,145.94000244140625,147.0,140.3192901611328,5620300
2020-12-14,147.6999969482422,147.72000122070312,145.39999389648438,145.64999389648438,139.0306396484375,8362700
2020-12-15,145.52000427246094,146.36000061035156,144.86000061035156,145.5800018310547,138.96383666992188,10623800
2020-12-16,146.24000549316406,146.88999938964844,145.0800018310547,145.42999267578125,138.8206329345703,8550300
2020-12-17,146.05999755859375,146.44000244140625,145.14999389648438,146.10000610351562,139.46022033691406,10226500
2020-12-18,146.6199951171875,147.17999267578125,145.16000366210938,145.9499969482422,139.31700134277344,13794700
2020-12-21,145.5,146.6699981689453,145.05999755859375,145.97000122070312,139.33615112304688,8517700
2020-12-22,145.14999389648438,146.22999572753906,143.13999938964844,144.1999969482422,137.64654541015625,12533000
2020-12-23,143.5399932861328,144.22000122070312,142.3000030517578,143.22000122070312,136.71109008789062,6810200
2020-12-24,143.5399932861328,144.38999938964844,143.17999267578125,143.5,136.97837829589844,3018200
2020-12-28,144.0399932861328,145.3000030517578,143.3300018310547,145.22000122070312,138.6201934814453,6448300
2020-12-29,145.63999938964844,145.85000610351562,143.58999633789062,144.3000030517578,137.7419891357422,5979400
2020-12-30,144.8800048828125,145.14999389648438,143.94000244140625,144.17999267578125,137.62744140625,6250400
2020-12-31,144.1999969482422,144.27000427246094,142.85000610351562,144.14999389648438,137.59881591796875,5938000
2021-01-04,144.3000030517578,146.88999938964844,144.27999877929688,146.52999877929688,139.87066650390625,10727400
2021-01-05,146.60000610351562,147.07000732421875,144.49000549316406,145.75,139.12612915039062,8832700
2021-01-06,145.08999633789062,148.10000610351562,145.00999450683594,146.66000366210938,139.99478149414062,7306300
2021-01-07,147.6199951171875,147.75999450683594,146.0399932861328,146.64999389648438,139.98521423339844,6846000
2021-01-08,146.8800048828125,147.0,145.80999755859375,146.6300048828125,139.9661407470703,8159400
2021-01-11,146.0,147.99000549316406,146.0,147.2899932861328,140.5961151123047,8754800
2021-01-12,149.0,149.92999267578125,148.32000732421875,148.97000122070312,142.19976806640625,7791100
2021-01-13,148.75,149.07000732421875,147.42999267578125,147.4499969482422,140.74887084960938,5356500
2021-01-14,147.82000732421875,148.0,146.0399932861328,146.97000122070312,140.29067993164062,7672400
2021-01-15,145.13999938964844,145.89999389648438,143.6699981689453,144.63999938964844,138.0665283203125,11973500
2021-01-19,144.63999938964844,145.07000732421875,142.6699981689453,143.38999938964844,136.87335205078125,8041200
2021-01-20,143.58999633789062,145.66000366210938,142.88999938964844,145.50999450683594,138.89703369140625,7925200
2021-01-21,145.36000061035156,145.72999572753906,144.2100067138672,144.85000610351562,138.2670135498047,4775300
2021-01-22,145.60000610351562,147.33999633789062,145.1199951171875,146.3300018310547,139.67971801757812,6406500
2021-01-25,145.36000061035156,146.25,144.27000427246094,146.1999969482422,139.55563354492188,6343700
2021-01-26,145.6300048828125,147.80999755859375,145.47000122070312,147.50999450683594,140.80612182617188,5010500
2021-01-27,146.9600067138672,147.86000061035156,143.5500030517578,143.83999633789062,137.3029022216797,9970100
2021-01-28,144.4600067138672,146.25999450683594,143.6300048828125,143.75,137.21701049804688,7433900
2021-01-29,143.17999267578125,143.75,140.35000610351562,140.49000549316406,134.1051788330078,10836400
2021-02-01,140.91000366210938,141.49000549316406,139.19000244140625,139.27000427246094,132.9405975341797,8648400
2021-02-02,139.75999450683594,142.14999389648438,139.44000244140625,140.77000427246094,134.37245178222656,9000800
2021-02-03,140.66000366210938,142.0500030517578,140.6300048828125,141.1999969482422,134.78289794921875,4988900
2021-02-04,141.7899932861328,143.17999267578125,141.25999450683594,142.52999877929688,136.0524444580078,5782100
2021-02-05,143.4600067138672,144.85000610351562,142.52999877929688,144.36000061035156,137.79925537109375,6817200
2021-02-08,144.80999755859375,145.5800018310547,144.4600067138672,145.02999877929688,138.4388427734375,5275100
2021-02-09,144.5800018310547,146.32000732421875,144.5800018310547,145.8300018310547,139.20245361328125,5302300
2021-02-10,145.8300018310547,145.89999389648438,143.5399932861328,144.1300048828125,137.57972717285156,6192300
2021-02-11,144.13999938964844,144.9499969482422,143.7100067138672,144.02000427246094,137.4747314453125,4263800
2021-02-12,144.16000366210938,144.61000061035156,143.6699981689453,144.47000122070312,137.90431213378906,4474500
2021-02-16,145.94000244140625,146.38999938964844,144.92999267578125,145.66000366210938,139.0402069091797,9297000
2021-02-17,144.64999389648438,147.5,144.5,147.1999969482422,140.51019287109375,8523700
2021-02-18,139.0,140.6999969482422,137.5,137.66000366210938,131.40377807617188,32309100
2021-02-19,137.8000030517578,139.4199981689453,137.6699981689453,138.33999633789062,132.05288696289062,12202000
2021-02-22,137.74000549316406,138.33999633789062,136.25,137.69000244140625,131.4324188232422,10702200
2021-02-23,137.11000061035156,137.38999938964844,135.05999755859375,135.47000122070312,129.31329345703125,10433400
2021-02-24,135.8699951171875,136.16000366210938,133.0500030517578,133.2100067138672,127.15599822998047,15521900
2021-02-25,133.10000610351562,134.00999450683594,131.47999572753906,131.9499969482422,125.9532699584961,11108200
2021-02-26,131.47999572753906,131.80999755859375,129.86000061035156,129.9199981689453,124.01554870605469,14156900
2021-03-01,131.5800018310547,132.57000732421875,131.1300048828125,131.3699951171875,125.3996353149414,11544800
2021-03-02,131.50999450683594,132.75,130.00999450683594,130.11000061035156,124.1968994140625,9743600
2021-03-03,129.5,129.92999267578125,127.55000305175781,127.58999633789062,121.79142761230469,13945800
2021-03-04,127.86000061035156,129.5800018310547,126.27999877929688,127.52999877929688,121.7341537475586,15116000
2021-03-05,126.83000183105469,129.75,126.75,129.1199951171875,123.25189208984375,11357900
2021-03-08,129.3300018310547,129.83999633789062,127.80999755859375,127.87999725341797,122.06824493408203,13662800
2021-03-09,128.8000030517578,129.8800048828125,128.32000732421875,128.88999938964844,123.03235626220703,10662900
2021-03-10,128.86000061035156,133.0500030517578,128.47000122070312,132.17999267578125,126.1728286743164,14976400
2021-03-11,133.36000061035156,133.49000549316406,131.52999877929688,132.1300048828125,126.12510681152344,11829900
2021-03-12,132.52000427246094,134.52000427246094,132.0800018310547,134.1199951171875,128.02467346191406,9479200
2021-03-15,134.74000549316406,134.75,132.82000732421875,133.42999267578125,127.36602783203125,8357300
2021-03-16,132.82000732421875,134.27999877929688,132.82000732421875,133.38999938964844,127.32783508300781,6627000
2021-03-17,132.5,133.13999938964844,131.97999572753906,132.27999877929688,126.26828002929688,8052100
2021-03-18,131.16000366210938,131.9499969482422,129.92999267578125,130.00999450683594,124.61959075927734,9938500
2021-03-19,130.1300048828125,132.5,129.89999389648438,131.74000549316406,126.2778549194336,19234500
2021-03-22,131.0,132.4499969482422,130.99000549316406,132.3699951171875,126.8817367553711,8218000
2021-03-23,131.7100067138672,134.3000030517578,131.6300048828125,133.94000244140625,128.3866729736328,9718300
2021-03-24,134.42999267578125,134.42999267578125,133.0500030517578,133.11000061035156,127.5910415649414,7849100
2021-03-25,133.25999450683594,134.52999877929688,132.8699951171875,134.00999450683594,128.45372009277344,9375300
2021-03-26,134.0,135.1999969482422,133.4199981689453,135.1300048828125,129.5272979736328,9551200
2021-03-29,135.0,137.00999450683594,134.60000610351562,136.6699981689453,131.0034637451172,10048800
2021-03-30,136.3300018310547,137.58999633789062,135.47000122070312,135.74000549316406,130.11203002929688,9076700
2021-03-31,135.5500030517578,136.86000061035156,134.9600067138672,135.8300018310547,130.1982879638672,8182000
2021-04-01,135.94000244140625,136.88999938964844,135.3300018310547,135.6199951171875,129.99700927734375,8531700
2021-04-05,136.72000122070312,140.16000366210938,136.1999969482422,139.42999267578125,133.64901733398438,13347700
2021-04-06,139.11000061035156,140.9499969482422,138.52000427246094,140.10000610351562,134.29127502441406,10348200
2021-04-07,140.3000030517578,140.75,139.64999389648438,139.8000030517578,134.00369262695312,6787200
2021-04-08,140.4499969482422,141.1199951171875,139.66000366210938,139.7100067138672,133.91744995117188,6365200
2021-04-09,139.6300048828125,140.08999633789062,138.7100067138672,139.77999877929688,133.98452758789062,6892200
2021-04-12,140.07000732421875,140.3800048828125,139.33999633789062,139.8000030517578,134.00369262695312,6241000
2021-04-13,139.8000030517578,140.0,138.8699951171875,139.3699951171875,133.5915069580078,5799300
2021-04-14,139.1199951171875,139.4600067138672,138.4199981689453,139.32000732421875,133.5435791015625,7308200
2021-04-15,139.39999389648438,140.47000122070312,139.1999969482422,140.16000366210938,134.34878540039062,7236800
2021-04-16,140.88999938964844,140.9600067138672,139.7100067138672,140.61000061035156,134.78009033203125,8829500
2021-04-19,140.2899932861328,140.57000732421875,139.61000061035156,139.7100067138672,133.91744995117188,6427000
2021-04-20,139.4199981689453,141.77000427246094,138.82000732421875,140.7899932861328,134.95260620117188,8150700
2021-04-21,140.77000427246094,141.6999969482422,140.52999877929688,141.1999969482422,135.3456573486328,5778400
2021-04-22,141.0800018310547,141.4499969482422,139.4199981689453,139.6699981689453,133.87908935546875,6568400
2021-04-23,139.10000610351562,140.33999633789062,139.02999877929688,139.89999389648438,134.09951782226562,7657000
2021-04-26,139.91000366210938,140.0,137.63999938964844,137.91000366210938,132.1920623779297,7615400
2021-04-27,138.0,138.9499969482422,137.5500030517578,138.3800048828125,132.64254760742188,5383800
2021-04-28,138.35000610351562,138.58999633789062,137.8699951171875,137.88999938964844,132.17288208007812,4762200
2021-04-29,137.89999389648438,140.0,137.89999389648438,139.6300048828125,133.8407440185547,6532000
2021-04-30,139.7100067138672,139.99000549316406,139.11000061035156,139.91000366210938,134.10914611816406,6560000
2021-05-03,139.67999267578125,142.74000549316406,139.67999267578125,142.1199951171875,136.2274932861328,9046500
2021-05-04,141.5399932861328,142.02999877929688,140.10000610351562,140.72000122070312,134.88551330566406,6361400
2021-05-05,140.7100067138672,141.1999969482422,140.25,140.60000610351562,134.77052307128906,6117000
2021-05-06,140.0,141.36000061035156,139.4499969482422,141.0500030517578,135.73281860351562,5434000
2021-05-07,141.6300048828125,141.72000122070312,139.32000732421875,140.1999969482422,134.91485595703125,7802800
2021-05-10,140.4499969482422,142.0800018310547,140.30999755859375,140.82000732421875,135.51150512695312,8769200
2021-05-11,140.8699951171875,140.8699951171875,138.32000732421875,139.5500030517578,134.2893524169922,8821400
2021-05-12,138.8699951171875,138.97999572753906,135.91000366210938,135.94000244140625,130.81546020507812,8666100
2021-05-13,136.22999572753906,138.97999572753906,135.75999450683594,138.24000549316406,133.0287322998047,7158400
2021-05-14,138.80999755859375,140.24000549316406,138.42999267578125,139.52000427246094,134.26048278808594,5363900
2021-05-17,140.0,140.39999389648438,138.77000427246094,138.88999938964844,133.6542510986328,6558600
2021-05-18,143.50999450683594,144.5800018310547,141.2100067138672,141.91000366210938,136.56039428710938,19394600
2021-05-19,140.7100067138672,143.72000122070312,140.5,141.9199981689453,136.57000732421875,11624900
2021-05-20,141.5,142.8699951171875,140.6999969482422,142.4199981689453,137.05117797851562,10180300
2021-05-21,142.52000427246094,143.0800018310547,141.60000610351562,141.75,136.40640258789062,7642500
2021-05-24,141.75999450683594,142.4199981689453,141.36000061035156,141.75999450683594,136.41604614257812,6315300
2021-05-25,141.8000030517578,142.63999938964844,141.07000732421875,142.33999633789062,136.9741668701172,7168400
2021-05-26,142.38999938964844,142.8800048828125,141.75999450683594,142.1699981689453,136.8106231689453,6431400
2021-05-27,143.35000610351562,143.67999267578125,141.69000244140625,141.69000244140625,136.34869384765625,18859000
2021-05-28,141.92999267578125,142.4499969482422,141.63999938964844,142.02999877929688,136.67587280273438,7062100
2021-06-01,142.2100067138672,142.8000030517578,141.27000427246094,141.66000366210938,136.31980895996094,6922500
2021-06-02,141.38999938964844,141.7100067138672,140.08999633789062,141.35000610351562,136.02149963378906,7766000
2021-06-03,141.38999938964844,141.85000610351562,140.75,141.60000610351562,136.2620849609375,6124800
2021-06-04,141.4600067138672,142.2899932861328,141.25,141.85000610351562,136.50267028808594,4545300
2021-06-07,141.85000610351562,141.97000122070312,140.38999938964844,140.89999389648438,135.58847045898438,5543600
2021-06-08,140.50999450683594,140.89999389648438,139.80999755859375,139.8300018310547,134.55882263183594,6706900
2021-06-09,139.33999633789062,140.00999450683594,139.02999877929688,139.0800018310547,133.83709716796875,5695100
2021-06-10,139.0800018310547,140.19000244140625,139.0800018310547,139.8800048828125,134.60694885253906,5459500
2021-06-11,140.22999572753906,140.85000610351562,139.86000061035156,140.75,135.4441375732422,8410800
2021-06-14,140.92999267578125,140.92999267578125,140.02999877929688,140.55999755859375,135.26129150390625,5046900
2021-06-15,140.83999633789062,140.91000366210938,139.66000366210938,140.0,134.722412109375,6442400
2021-06-16,139.85000610351562,140.0399932861328,136.97000122070312,137.14999389648438,131.97982788085938,9598300
2021-06-17,137.0,138.35000610351562,136.7100067138672,137.72000122070312,132.52833557128906,6447300
2021-06-18,135.44000244140625,136.38999938964844,134.39999389648438,135.1699981689453,130.074462890625,14937600
2021-06-21,135.66000366210938,136.75,135.35000610351562,136.39999389648438,131.2581024169922,6925000
2021-06-22,136.22999572753906,137.72000122070312,136.22999572753906,137.02999877929688,131.8643341064453,6369000
2021-06-23,136.5,136.99000549316406,135.92999267578125,135.9600067138672,130.834716796875,6463500
2021-06-24,136.1699981689453,137.24000549316406,136.10000610351562,136.91000366210938,131.74891662597656,7814700
2021-06-25,137.1300048828125,138.86000061035156,136.9199981689453,138.52999877929688,133.3078155517578,9546900
2021-06-28,138.0399932861328,138.63999938964844,136.60000610351562,138.10000610351562,132.89402770996094,5183000
2021-06-29,137.89999389648438,138.47000122070312,137.22999572753906,137.3000030517578,132.12417602539062,11987500
2021-06-30,139.55999755859375,142.5800018310547,138.69000244140625,141.02000427246094,135.7039337158203,15170400
2021-07-01,140.41000366210938,141.25,139.00999450683594,139.32000732421875,134.06802368164062,8782900
2021-07-02,139.35000610351562,141.0800018310547,139.35000610351562,140.11000061035156,134.82826232910156,8760200
2021-07-06,139.89999389648438,140.75,139.50999450683594,139.94000244140625,134.6646728515625,6093100
2021-07-07,139.75999450683594,141.19000244140625,139.36000061035156,139.7100067138672,134.44334411621094,8535800
2021-07-08,138.33999633789062,140.64999389648438,138.22000122070312,139.58999633789062,134.32785034179688,7089000
2021-07-09,140.41000366210938,140.83999633789062,139.92999267578125,140.3000030517578,135.01107788085938,5061800
2021-07-12,140.69000244140625,140.7899932861328,139.3300018310547,140.0500030517578,134.77052307128906,6505000
2021-07-13,139.99000549316406,141.17999267578125,139.94000244140625,140.5800018310547,135.28053283691406,6315900
2021-07-14,140.7100067138672,141.8000030517578,139.8300018310547,141.5500030517578,136.21395874023438,6270700
2021-07-15,142.0,142.63999938964844,141.08999633789062,141.66000366210938,136.31980895996094,5991600
2021-07-16,141.6999969482422,142.1300048828125,140.9499969482422,141.55999755859375,136.22360229492188,6031800
2021-07-19,141.41000366210938,142.97999572753906,139.77000427246094,141.22999572753906,135.90603637695312,9127700
2021-07-20,140.97000122070312,142.47000122070312,140.77999877929688,141.8699951171875,136.52188110351562,6340100
2021-07-21,142.5,142.5399932861328,140.7100067138672,141.1699981689453,135.8482666015625,6197300
2021-07-22,141.1300048828125,142.1199951171875,140.8000030517578,141.27000427246094,135.94451904296875,4337800
2021-07-23,141.52000427246094,142.72000122070312,141.00999450683594,142.42999267578125,137.06080627441406,5315800
2021-07-26,142.36000061035156,143.86000061035156,141.4600067138672,142.6300048828125,137.2532501220703,6172400
2021-07-27,143.0,143.0,141.9600067138672,142.63999938964844,137.2628631591797,5131900
2021-07-28,142.47999572753906,143.25,141.66000366210938,142.05999755859375,136.70472717285156,4690500
2021-07-29,142.63999938964844,142.85000610351562,142.02000427246094,142.24000549316406,136.8779754638672,3687700
2021-07-30,141.1999969482422,142.9600067138672,141.1999969482422,142.5500030517578,137.17628479003906,5444100
2021-08-02,142.8300018310547,142.8699951171875,141.6699981689453,142.22000122070312,136.85873413085938,6652800
2021-08-03,142.44000244140625,143.89999389648438,142.36000061035156,143.82000732421875,138.39840698242188,6305100
2021-08-04,143.3800048828125,143.94000244140625,142.74000549316406,142.83999633789062,137.45533752441406,5100500
2021-08-05,144.22999572753906,145.5399932861328,143.99000549316406,145.49000549316406,140.00547790527344,9001800
2021-08-06,146.2100067138672,146.47000122070312,144.9499969482422,145.22999572753906,139.7552490234375,6421200
2021-08-09,145.91000366210938,146.47999572753906,145.39999389648438,145.5800018310547,140.092041015625,5270600
2021-08-10,146.97000122070312,148.9499969482422,146.25,148.67999267578125,143.07516479492188,12754000
2021-08-11,149.50999450683594,151.5800018310547,149.16000366210938,150.00999450683594,144.3550567626953,13818600
2021-08-12,149.0,150.2100067138672,148.80999755859375,149.05999755859375,143.9687042236328,6089700
2021-08-13,149.3800048828125,150.36000061035156,149.16000366210938,149.52999877929688,144.4226531982422,5327100
2021-08-16,149.67999267578125,151.72999572753906,149.0399932861328,150.75,145.60096740722656,15930500
2021-08-17,150.39999389648438,152.5,149.10000610351562,150.6999969482422,145.55270385742188,16983400
2021-08-18,150.5500030517578,152.57000732421875,149.02000427246094,149.10000610351562,144.00733947753906,9403900
2021-08-19,148.3300018310547,150.66000366210938,148.0,150.11000061035156,144.9828643798828,7543500
2021-08-20,150.47999572753906,151.72000122070312,149.75,151.4499969482422,146.27708435058594,6466800
2021-08-23,151.52999877929688,151.7899932861328,150.41000366210938,150.4499969482422,145.31124877929688,5388700
2021-08-24,150.5,150.5,148.6999969482422,148.89999389648438,143.8141632080078,6276300
2021-08-25,148.41000366210938,149.27999877929688,148.02999877929688,148.9600067138672,143.8721466064453,7307100
2021-08-26,147.47000122070312,148.27000427246094,146.6699981689453,147.35000610351562,142.3170928955078,7822300
2021-08-27,147.50999450683594,147.69000244140625,146.17999267578125,146.52000427246094,141.51547241210938,7696200
2021-08-30,146.4199981689453,148.0,146.02000427246094,147.6999969482422,142.6551513671875,5480200
2021-08-31,147.99000549316406,148.44000244140625,147.24000549316406,148.10000610351562,143.04148864746094,8359500
2021-09-01,147.55999755859375,147.92999267578125,146.57000732421875,147.77999877929688,142.73245239257812,6352200
2021-09-02,148.1199951171875,148.7899932861328,147.69000244140625,148.55999755859375,143.4857940673828,6672700
2021-09-03,148.1999969482422,149.64999389648438,147.89999389648438,149.25,144.1521759033203,5737300
2021-09-07,148.97000122070312,149.1699981689453,147.05999755859375,147.27000427246094,142.23985290527344,8448400
2021-09-08,146.9499969482422,148.32000732421875,146.72999572753906,147.4600067138672,142.42337036132812,6502800
2021-09-09,147.4600067138672,147.61000061035156,145.83999633789062,146.4199981689453,141.4188690185547,7442900
2021-09-10,147.1999969482422,147.24000549316406,145.42999267578125,145.88999938964844,140.906982421875,5258400
2021-09-13,146.52000427246094,147.14999389648438,144.63999938964844,145.05999755859375,140.1053009033203,6509800
2021-09-14,145.47999572753906,145.8800048828125,143.9199981689453,144.3000030517578,139.37127685546875,5511300
2021-09-15,144.07000732421875,144.75,143.7899932861328,144.5500030517578,139.6127471923828,4950000
2021-09-16,144.44000244140625,145.30999755859375,143.69000244140625,145.02999877929688,140.0763397216797,6142800
2021-09-17,144.13999938964844,146.16000366210938,144.02000427246094,144.72999572753906,139.78659057617188,24344200
2021-09-20,143.5,145.19000244140625,141.6199951171875,142.74000549316406,137.86456298828125,8351500
2021-09-21,142.6999969482422,144.5800018310547,142.6699981689453,143.02000427246094,138.13504028320312,5812500
2021-09-22,143.47000122070312,143.60000610351562,142.2899932861328,142.69000244140625,137.81626892089844,5014800
2021-09-23,143.22000122070312,143.6300048828125,142.4499969482422,142.77000427246094,137.89356994628906,5195100
2021-09-24,142.5,143.69000244140625,142.49000549316406,143.1699981689453,138.27989196777344,4453500
2021-09-27,142.8699951171875,143.5500030517578,141.83999633789062,142.25,137.39129638671875,7083600
2021-09-28,141.8800048828125,142.07000732421875,139.99000549316406,140.5,135.70111083984375,6860300
2021-09-29,140.64999389648438,141.8300018310547,140.32000732421875,140.44000244140625,135.6431427001953,7125200
2021-09-30,140.63999938964844,141.72999572753906,139.25,139.3800048828125,134.6193389892578,7485900
2021-10-01,139.25999450683594,139.6300048828125,135.9199981689453,137.0500030517578,132.3689422607422,10004800
2021-10-04,137.08999633789062,138.22999572753906,134.7100067138672,135.72999572753906,131.09400939941406,9990100
2021-10-05,135.9499969482422,137.7100067138672,135.89999389648438,136.6199951171875,131.95359802246094,6865800
2021-10-06,136.24000549316406,137.7899932861328,136.1300048828125,137.6199951171875,132.91943359375,6458900
2021-10-07,138.77999877929688,140.6999969482422,138.75999450683594,139.24000549316406,134.48411560058594,7022700
2021-10-08,139.66000366210938,140.08999633789062,139.00999450683594,139.66000366210938,134.8897705078125,4615800
2021-10-11,139.52000427246094,140.77999877929688,139.44000244140625,139.52999877929688,134.7642364501953,4349400
2021-10-12,139.33999633789062,140.41000366210938,139.07000732421875,139.3800048828125,134.6193389892578,5263100
2021-10-13,139.5,140.00999450683594,138.1300048828125,138.3699951171875,133.64381408691406,5979300
2021-10-14,138.5,140.07000732421875,138.5,139.8699951171875,135.09259033203125,6594500
2021-10-15,140.6199951171875,141.10000610351562,139.9600067138672,140.5500030517578,135.7493896484375,6912400
2021-10-18,140.0,142.00999450683594,139.8300018310547,141.67999267578125,136.84078979492188,6629000
2021-10-19,144.6300048828125,145.61000061035156,143.66000366210938,144.69000244140625,139.7479705810547,11148100
2021-10-20,144.88999938964844,146.49000549316406,144.88999938964844,146.0,141.0132293701172,5817900
2021-10-21,146.5800018310547,146.9199981689453,145.80999755859375,146.80999755859375,141.79556274414062,4651500
2021-10-22,147.10000610351562,149.69000244140625,147.10000610351562,148.33999633789062,143.27330017089844,7065200
2021-10-25,148.77999877929688,150.52000427246094,148.00999450683594,150.05999755859375,144.93455505371094,6429300
2021-10-26,150.0,150.5500030517578,148.4600067138672,148.75,143.66928100585938,5806200
2021-10-27,148.9600067138672,149.02000427246094,147.38999938964844,147.52999877929688,142.49093627929688,4855200
2021-10-28,148.33999633789062,148.97999572753906,147.7100067138672,148.4499969482422,143.37954711914062,4199500
2021-10-29,147.91000366210938,150.10000610351562,147.55999755859375,149.4199981689453,144.31639099121094,7340900
2021-11-01,149.97999572753906,150.75,149.35000610351562,149.7899932861328,144.6737518310547,4183200
2021-11-02,149.97000122070312,150.17999267578125,149.27999877929688,149.72000122070312,144.60617065429688,4546300
2021-11-03,149.60000610351562,150.2899932861328,149.02999877929688,150.17999267578125,145.0504608154297,4736500
2021-11-04,150.17999267578125,151.85000610351562,149.8300018310547,151.27999877929688,146.11289978027344,5049700
2021-11-05,152.0,152.0,149.6199951171875,150.22999572753906,145.09872436523438,5027300
2021-11-08,150.22000122070312,150.50999450683594,148.72999572753906,149.27000427246094,144.17153930664062,5124400
2021-11-09,149.52000427246094,149.8699951171875,148.8699951171875,149.7899932861328,144.6737518310547,5000600
2021-11-10,148.72999572753906,149.6199951171875,147.97999572753906,148.44000244140625,143.36988830566406,5601200
2021-11-11,148.77000427246094,148.99000549316406,148.19000244140625,148.5,143.42784118652344,4534400
2021-11-12,149.0,149.24000549316406,147.5399932861328,147.75999450683594,142.71311950683594,6104600
2021-11-15,148.14999389648438,148.4499969482422,146.39999389648438,146.91000366210938,141.8921661376953,9632000
2021-11-16,145.10000610351562,146.67999267578125,142.3000030517578,143.1699981689453,138.27989196777344,24662200
2021-11-17,143.16000366210938,144.72000122070312,141.82000732421875,141.94000244140625,137.0919189453125,11038700
2021-11-18,142.13999938964844,143.2899932861328,140.86000061035156,143.16000366210938,138.2702178955078,8131400
2021-11-19,143.6199951171875,144.0,141.94000244140625,142.38999938964844,137.52651977539062,9373100
2021-11-22,142.66000366210938,145.36000061035156,142.0,144.77999877929688,139.83489990234375,9708800
2021-11-23,144.25,145.97999572753906,143.25,145.80999755859375,140.8297119140625,9969300
2021-11-24,145.72999572753906,147.05999755859375,145.63999938964844,146.5399932861328,141.53477478027344,6029800
2021-11-26,146.44000244140625,147.8800048828125,144.4199981689453,144.89999389648438,139.9508056640625,7013200
2021-11-29,145.0,145.25,142.22999572753906,142.6300048828125,137.75831604003906,11013200
2021-11-30,141.47999572753906,142.5,140.00999450683594,140.6300048828125,135.82664489746094,21606300
2021-12-01,140.50999450683594,140.72000122070312,137.0399932861328,137.13999938964844,132.4558563232422,12207100
2021-12-02,137.6300048828125,138.44000244140625,135.24000549316406,135.47000122070312,130.84288024902344,13268600
2021-12-03,135.86000061035156,137.8800048828125,135.2899932861328,137.50999450683594,132.81321716308594,14714200
2021-12-06,137.55999755859375,139.36000061035156,137.10000610351562,139.0,134.2523193359375,10863100
2021-12-07,139.60000610351562,139.8300018310547,138.08999633789062,138.5500030517578,133.8176727294922,12579700
2021-12-08,138.05999755859375,138.5,136.00999450683594,137.14999389648438,132.4654998779297,11498800
2021-12-09,136.6300048828125,138.57000732421875,135.7100067138672,138.5,134.30799865722656,10783900
2021-12-10,138.33999633789062,141.3000030517578,137.57000732421875,141.02999877929688,136.7614288330078,12858500
2021-12-13,140.24000549316406,143.75,140.00999450683594,143.57000732421875,139.2245635986328,18013100
2021-12-14,143.3000030517578,145.27999877929688,142.14999389648438,144.94000244140625,140.55308532714844,15573800
2021-12-15,145.2100067138672,146.47000122070312,143.39999389648438,145.77000427246094,141.3579559326172,11163300
2021-12-16,145.77000427246094,146.52999877929688,142.88999938964844,143.33999633789062,139.00148010253906,13023200
2021-12-17,142.75,143.9499969482422,138.38999938964844,138.75,134.55043029785156,26193700
2021-12-20,138.1199951171875,139.75,137.60000610351562,139.1999969482422,134.98680114746094,10339300
2021-12-21,138.89999389648438,139.86000061035156,138.00999450683594,139.6199951171875,135.3940887451172,8206800
2021-12-22,139.89999389648438,139.99000549316406,138.52999877929688,139.8000030517578,135.5686492919922,5676000
2021-12-23,139.8000030517578,140.16000366210938,138.85000610351562,139.49000549316406,135.26805114746094,5864200
2021-12-27,139.60000610351562,140.8699951171875,139.57000732421875,140.75999450683594,136.4995880126953,5346900
2021-12-28,140.60000610351562,142.97000122070312,140.60000610351562,142.77999877929688,138.4584503173828,5261000
2021-12-29,142.66000366210938,143.52999877929688,142.32000732421875,142.7100067138672,138.39059448242188,4348400
2021-12-30,143.25999450683594,143.6999969482422,142.47999572753906,143.1699981689453,138.83663940429688,4983000
2021-12-31,143.1999969482422,145.0399932861328,142.9199981689453,144.69000244140625,140.31065368652344,5982600
2022-01-03,144.0,144.7899932861328,143.00999450683594,144.64999389648438,140.27183532714844,6902200
2022-01-04,144.0399932861328,145.13999938964844,141.75999450683594,142.0,137.70204162597656,11310000
2022-01-05,142.85000610351562,145.9499969482422,142.74000549316406,143.9199981689453,139.56394958496094,11806000
2022-01-06,143.6199951171875,144.63999938964844,142.39999389648438,143.52000427246094,139.17605590820312,7276300
2022-01-07,143.5,145.36000061035156,142.9600067138672,144.88999938964844,140.50457763671875,6574500
2022-01-10,145.44000244140625,145.58999633789062,143.1199951171875,144.61000061035156,140.2330780029297,7577200
2022-01-11,144.2100067138672,144.6199951171875,143.17999267578125,144.1999969482422,139.83547973632812,7222900
2022-01-12,143.67999267578125,143.9600067138672,143.0,143.44000244140625,139.0984649658203,6315600
2022-01-13,143.42999267578125,145.67999267578125,143.11000061035156,145.47000122070312,141.06703186035156,8084200
2022-01-14,144.22000122070312,146.6300048828125,144.22000122070312,145.05999755859375,140.66944885253906,8955800
2022-01-18,144.41000366210938,144.6999969482422,142.1300048828125,142.52000427246094,138.20632934570312,7041300
2022-01-19,142.5399932861328,144.99000549316406,141.9199981689453,143.94000244140625,139.5833282470703,7558000
2022-01-20,142.35000610351562,144.4600067138672,141.07000732421875,141.22000122070312,136.94566345214844,7462400
2022-01-21,141.22000122070312,142.25999450683594,140.05999755859375,140.19000244140625,135.9468536376953,9169400
2022-01-24,139.07000732421875,140.52999877929688,137.30999755859375,140.1999969482422,135.95654296875,9566400
2022-01-25,139.99000549316406,140.3699951171875,136.80999755859375,137.14999389648438,132.9988555908203,9826500
2022-01-26,137.33999633789062,138.7899932861328,135.16000366210938,135.75,131.6412353515625,8728500
2022-01-27,136.9199981689453,139.0800018310547,135.3699951171875,135.83999633789062,131.72848510742188,9253000
2022-01-28,136.0,137.57000732421875,133.9499969482422,137.52000427246094,133.35765075683594,8377300
2022-01-31,137.08999633789062,140.0399932861328,136.6999969482422,139.80999755859375,135.57833862304688,6731200
2022-02-01,139.2100067138672,141.14999389648438,138.99000549316406,140.91000366210938,136.64505004882812,6774400
2022-02-02,141.0,141.63999938964844,140.14999389648438,140.85000610351562,136.58685302734375,6049900
2022-02-03,140.25999450683594,141.99000549316406,139.77000427246094,140.99000549316406,136.72265625,6913700
2022-02-04,140.88999938964844,141.0,138.35000610351562,139.3300018310547,135.1128692626953,7345500
2022-02-07,140.05999755859375,140.07000732421875,137.61000061035156,137.9600067138672,133.78436279296875,6670100
2022-02-08,138.32000732421875,139.24000549316406,137.50999450683594,137.99000549316406,133.81341552734375,6486300
2022-02-09,138.5,138.7899932861328,137.47000122070312,137.69000244140625,133.52249145507812,7157900
2022-02-10,136.5500030517578,137.00999450683594,135.4600067138672,136.0800018310547,131.96124267578125,9270200
2022-02-11,136.82000732421875,137.17999267578125,134.1699981689453,135.3300018310547,131.23394775390625,7911100
2022-02-14,135.3300018310547,135.9600067138672,132.7100067138672,133.9499969482422,129.8957061767578,9787800
2022-02-15,134.74000549316406,135.6699981689453,133.7899932861328,134.3699951171875,130.30300903320312,7274800
2022-02-16,134.3300018310547,134.8800048828125,132.6999969482422,133.52999877929688,129.48843383789062,9496900
2022-02-17,134.0,139.47000122070312,133.77999877929688,138.8800048828125,134.67652893066406,17943800
2022-02-18,138.10000610351562,139.58999633789062,137.16000366210938,137.99000549316406,133.81341552734375,10367800
2022-02-22,137.77000427246094,138.24000549316406,135.94000244140625,136.4499969482422,132.32005310058594,8460300
2022-02-23,136.86000061035156,137.19000244140625,134.83999633789062,135.0500030517578,130.96241760253906,7010300
2022-02-24,133.91000366210938,135.00999450683594,132.00999450683594,134.52999877929688,130.45814514160156,10572500
2022-02-25,134.80999755859375,136.77999877929688,134.08999633789062,136.3800048828125,132.2521514892578,8332600
2022-02-28,135.0,136.07000732421875,133.77000427246094,135.16000366210938,131.06910705566406,8762200
2022-03-01,135.8699951171875,137.88999938964844,135.02000427246094,135.99000549316406,131.87399291992188,8008300
2022-03-02,135.66000366210938,136.8300018310547,135.17999267578125,136.16000366210938,132.038818359375,7954600
2022-03-03,137.2899932861328,140.47000122070312,136.5500030517578,139.2899932861328,135.07408142089844,9961700
2022-03-04,137.80999755859375,142.94000244140625,137.58999633789062,142.82000732421875,138.4972381591797,11858800
2022-03-07,141.3000030517578,143.6300048828125,140.4499969482422,141.6699981689453,137.38206481933594,15290000
2022-03-08,141.5,142.4600067138672,138.5800018310547,138.74000549316406,134.5407257080078,9435200
2022-03-09,140.0,140.24000549316406,138.13999938964844,139.4600067138672,135.2389373779297,7374300
2022-03-10,139.49000549316406,143.0,139.00999450683594,142.6300048828125,138.31300354003906,9170900
2022-03-11,142.3000030517578,144.0500030517578,141.8800048828125,142.07000732421875,137.76995849609375,6387400
2022-03-14,142.02000427246094,144.85000610351562,141.99000549316406,144.0500030517578,139.69000244140625,7548800
2022-03-15,144.52999877929688,146.14999389648438,143.85000610351562,145.77999877929688,141.36766052246094,7624200
2022-03-16,145.38999938964844,146.94000244140625,143.6999969482422,145.35000610351562,140.95068359375,8205300
2022-03-17,144.4499969482422,145.3000030517578,142.64999389648438,145.00999450683594,141.1648406982422,6341000
2022-03-18,145.17999267578125,145.57000732421875,144.11000061035156,145.44000244140625,141.58346557617188,10411100
2022-03-21,145.42999267578125,147.2899932861328,143.6199951171875,144.22999572753906,140.405517578125,7116900
2022-03-22,144.61000061035156,144.97000122070312,142.97999572753906,143.8000030517578,139.98692321777344,6745000
2022-03-23,143.13999938964844,143.72999572753906,141.52000427246094,141.9499969482422,138.18597412109375,6541800
2022-03-24,142.38999938964844,143.91000366210938,141.8800048828125,142.8300018310547,139.04266357421875,4480300
2022-03-25,143.4499969482422,143.92999267578125,142.25999450683594,143.4499969482422,139.64620971679688,4695100
2022-03-28,143.5,146.05999755859375,143.3000030517578,146.0,142.12860107421875,6701900
2022-03-29,146.60000610351562,148.10000610351562,146.25,147.22999572753906,143.32595825195312,6644800
2022-03-30,147.1300048828125,150.17999267578125,147.0399932861328,149.8699951171875,145.89593505859375,8330500
2022-03-31,148.7899932861328,150.5399932861328,148.17999267578125,148.9199981689453,144.97117614746094,9054600
2022-04-01,149.66000366210938,151.27000427246094,148.83999633789062,151.00999450683594,147.0057373046875,6979900
2022-04-04,150.91000366210938,153.1999969482422,150.0800018310547,151.0399932861328,147.0349578857422,8444200
2022-04-05,150.8800048828125,153.3300018310547,150.8800048828125,151.47000122070312,147.45355224609375,6219300
2022-04-06,151.02000427246094,155.4199981689453,150.5,154.99000549316406,150.8802032470703,9339500
2022-04-07,155.10000610351562,157.5399932861328,154.44000244140625,156.5399932861328,152.3891143798828,9029400
2022-04-08,156.91000366210938,158.41000366210938,156.2100067138672,157.41000366210938,153.2360382080078,7764800
2022-04-11,156.97000122070312,158.24000549316406,153.6300048828125,154.2899932861328,150.19874572753906,8237600
2022-04-12,154.24000549316406,155.39999389648438,152.5500030517578,153.22999572753906,149.16685485839844,8920400
2022-04-13,153.4499969482422,157.7899932861328,153.35000610351562,157.22000122070312,153.05108642578125,9761500
2022-04-14,157.11000061035156,158.2899932861328,156.42999267578125,157.0800018310547,152.91477966308594,7453500
2022-04-18,156.75,157.97999572753906,155.2100067138672,155.8800048828125,151.74661254882812,4890600
2022-04-19,156.6699981689453,157.9499969482422,156.0399932861328,157.64999389648438,153.4696502685547,5285000
2022-04-20,158.35000610351562,160.35000610351562,158.2899932861328,159.6300048828125,155.39718627929688,6607200
2022-04-21,159.9199981689453,160.77000427246094,159.07000732421875,159.8699951171875,155.63079833984375,6056100
2022-04-22,160.25,160.36000061035156,156.66000366210938,156.86000061035156,152.7006378173828,7015400
2022-04-25,156.3699951171875,157.47000122070312,154.35000610351562,156.94000244140625,152.77850341796875,6019200
2022-04-26,156.3699951171875,158.1300048828125,155.1999969482422,155.3000030517578,151.18199157714844,6533700
2022-04-27,155.52999877929688,156.1999969482422,154.02000427246094,154.24000549316406,150.15008544921875,5832300
2022-04-28,155.22999572753906,156.97999572753906,154.10000610351562,156.2100067138672,152.06784057617188,4985300
2022-04-29,155.80999755859375,156.22000122070312,152.7100067138672,152.99000549316406,148.93324279785156,7029600
2022-05-02,154.9600067138672,154.99000549316406,150.32000732421875,151.97999572753906,147.9499969482422,6672000
2022-05-03,152.42999267578125,154.27999877929688,151.77999877929688,152.50999450683594,148.4659423828125,5983500
2022-05-04,152.02999877929688,154.82000732421875,151.50999450683594,154.6199951171875,150.52001953125,6674200
2022-05-05,153.63999938964844,153.8300018310547,151.39999389648438,152.74000549316406,149.2303466796875,7744800
2022-05-06,151.7100067138672,153.9499969482422,148.27000427246094,149.55999755859375,146.1234130859375,11419400
2022-05-09,148.47000122070312,153.10000610351562,148.19000244140625,151.30999755859375,147.8332061767578,9402400
2022-05-10,151.42999267578125,152.2899932861328,148.55999755859375,149.17999267578125,145.7521514892578,8287100
2022-05-11,149.39999389648438,150.75,146.91000366210938,147.6199951171875,144.2279815673828,9292900
2022-05-12,147.86000061035156,150.14999389648438,146.52000427246094,147.47999572753906,144.0911865234375,8414800
2022-05-13,147.7100067138672,148.3800048828125,146.13999938964844,148.0500030517578,144.6481170654297,6654100
2022-05-16,149.3800048828125,149.72999572753906,146.4600067138672,148.2100067138672,144.80442810058594,7149700
2022-05-17,136.42999267578125,137.44000244140625,130.63999938964844,131.35000610351562,128.33184814453125,44313400
2022-05-18,128.02999877929688,128.27000427246094,121.52999877929688,122.43000030517578,119.61680603027344,34751000
2022-05-19,120.87000274658203,121.79000091552734,118.5999984741211,119.06999969482422,116.33401489257812,23669500
2022-05-20,119.63999938964844,120.83999633789062,117.2699966430664,119.19999694824219,116.46101379394531,16452000
2022-05-23,119.91999816894531,123.7699966430664,119.86000061035156,122.5999984741211,119.78289794921875,14560300
2022-05-24,121.20999908447266,124.55000305175781,121.08000183105469,124.12999725341797,121.27774810791016,11528300
2022-05-25,124.0,124.66999816894531,122.5999984741211,123.37000274658203,120.53520202636719,9040600
2022-05-26,125.30000305175781,126.4000015258789,124.4000015258789,126.0,123.10477447509766,9399200
2022-05-27,125.48999786376953,128.6199951171875,125.30999755859375,128.47999572753906,125.52777862548828,8433300
2022-05-31,127.45999908447266,129.89999389648438,127.41999816894531,128.6300048828125,125.67434692382812,12304100
2022-06-01,128.5,128.9199981689453,124.68000030517578,125.44999694824219,122.5674057006836,9511600
2022-06-02,125.56999969482422,127.52999877929688,124.33000183105469,127.51000213623047,124.58007049560547,7738100
2022-06-03,126.66999816894531,127.41999816894531,125.08999633789062,125.31999969482422,122.44039916992188,6100900
2022-06-06,125.81999969482422,126.30000305175781,124.58999633789062,124.87000274658203,122.00074005126953,6618500
2022-06-07,121.23999786376953,123.48999786376953,120.87999725341797,123.37000274658203,120.53520202636719,15902600
2022-06-08,122.3499984741211,123.91000366210938,121.94999694824219,122.30000305175781,119.48979187011719,7507600
2022-06-09,122.0,124.3499984741211,120.98999786376953,121.0199966430664,118.23919677734375,6626700
2022-06-10,119.75,122.73999786376953,119.33999633789062,121.69999694824219,118.90357208251953,8412700
2022-06-13,119.73999786376953,121.23999786376953,119.08999633789062,119.41000366210938,116.66619873046875,8299300
2022-06-14,119.12999725341797,120.0,118.16999816894531,119.45999908447266,116.71504974365234,7181400
2022-06-15,119.97000122070312,120.41000366210938,117.9000015258789,119.37999725341797,116.63687896728516,8638000
2022-06-16,118.3499984741211,121.76000213623047,118.2300033569336,120.62000274658203,117.84839630126953,10235600
2022-06-17,120.0199966430664,120.87999725341797,117.97000122070312,118.29000091552734,115.57192993164062,12279600
2022-06-21,118.30000305175781,122.77999877929688,118.22000122070312,122.16999816894531,119.36277770996094,7972200
2022-06-22,122.0999984741211,123.25,120.58999633789062,120.69000244140625,117.91678619384766,6745000
2022-06-23,121.75,123.95999908447266,121.19999694824219,123.62000274658203,120.77946472167969,6013600
2022-06-24,124.08999633789062,125.30999755859375,123.16000366210938,123.72000122070312,120.87715148925781,10615300
2022-06-27,123.77999877929688,124.73999786376953,122.79000091552734,124.12000274658203,121.26798248291016,6629700
2022-06-28,124.66000366210938,125.56999969482422,122.29000091552734,122.37000274658203,119.55818939208984,5133000
2022-06-29,122.88999938964844,123.3499984741211,120.97000122070312,121.91999816894531,119.11852264404297,6370500
2022-06-30,120.87999725341797,122.05999755859375,119.88999938964844,121.58000183105469,118.78633880615234,6388700
2022-07-01,121.94000244140625,122.91999816894531,121.16000366210938,122.62999725341797,119.81220245361328,5820300
2022-07-05,122.20999908447266,124.51000213623047,121.61000061035156,124.25,121.39498138427734,6072700
2022-07-06,124.4800033569336,126.27999877929688,124.30000305175781,125.12999725341797,122.2547607421875,7100000
2022-07-07,125.19000244140625,125.52999877929688,124.12000274658203,125.31999969482422,122.44039916992188,5829100
2022-07-08,125.81999969482422,126.61000061035156,125.1500015258789,125.4000015258789,122.5185546875,4917000
2022-07-11,125.0199966430664,126.33000183105469,124.62000274658203,125.44999694824219,122.5674057006836,3844300
2022-07-12,125.11000061035156,127.12999725341797,124.72000122070312,125.06999969482422,122.19613647460938,4577400
2022-07-13,124.44000244140625,126.45999908447266,123.91000366210938,125.37000274658203,122.48925018310547,4229700
2022-07-14,124.16000366210938,128.32000732421875,124.13999938964844,127.81999969482422,124.88296508789062,6968500
2022-07-15,128.8000030517578,130.27000427246094,128.0500030517578,129.07000732421875,126.10424041748047,7061400
2022-07-18,128.64999389648438,130.3000030517578,128.25999450683594,128.77000427246094,125.8111343383789,4747900
2022-07-19,129.38999938964844,129.9600067138672,128.60000610351562,129.55999755859375,126.58295440673828,5665100
2022-07-20,130.50999450683594,131.30999755859375,129.5,130.63999938964844,127.63816833496094,6188300
2022-07-21,130.67999267578125,132.55999755859375,130.5,132.5500030517578,129.50425720214844,6254900
2022-07-22,132.5399932861328,133.38999938964844,131.22999572753906,132.2100067138672,129.17208862304688,4538800
2022-07-25,132.38999938964844,132.6999969482422,131.4600067138672,132.02000427246094,128.98643493652344,6845100
2022-07-26,121.12999725341797,122.69000244140625,120.05999755859375,121.9800033569336,119.1771469116211,31797200
2022-07-27,121.23999786376953,126.7699966430664,121.02999877929688,126.58999633789062,123.68122100830078,14053200
2022-07-28,126.2699966430664,130.50999450683594,126.2699966430664,129.75,126.76858520507812,11087400
2022-07-29,128.32000732421875,132.25999450683594,128.00999450683594,132.0500030517578,129.0157470703125,10047300
2022-08-01,131.05999755859375,134.22999572753906,131.0,132.5399932861328,129.49449157714844,8332100
2022-08-02,133.14999389648438,133.7100067138672,131.39999389648438,132.67999267578125,129.63125610351562,6565000
2022-08-03,132.16000366210938,132.94000244140625,129.86000061035156,130.5,127.50137329101562,10667700
2022-08-04,130.6699981689453,130.8000030517578,125.33000183105469,125.56999969482422,122.68464660644531,17702000
2022-08-05,125.51000213623047,126.80999755859375,125.12000274658203,126.58000183105469,123.67144775390625,10669000
2022-08-08,126.6500015258789,128.2100067138672,126.61000061035156,127.61000061035156,124.67778015136719,6058400
2022-08-09,127.88999938964844,128.97000122070312,127.20999908447266,128.8699951171875,125.90882873535156,6441700
2022-08-10,130.0,130.14999389648438,128.38999938964844,129.13999938964844,126.17262268066406,8417000
2022-08-11,129.6999969482422,130.3699951171875,128.60000610351562,129.82000732421875,127.38939666748047,7951500
2022-08-12,130.0,132.83999633789062,129.82000732421875,132.22000122070312,129.74447631835938,8875000
2022-08-15,131.6300048828125,133.57000732421875,131.36000061035156,132.60000610351562,130.1173553466797,8838700
2022-08-16,138.89999389648438,140.92999267578125,138.19000244140625,139.3699951171875,136.76058959960938,30591100
2022-08-17,138.57000732421875,142.72000122070312,138.39999389648438,139.52000427246094,136.90777587890625,13930700
2022-08-18,139.52999877929688,140.4199981689453,138.5,139.07000732421875,136.46621704101562,6399200
2022-08-19,138.9199981689453,139.07000732421875,136.91000366210938,137.02000427246094,134.45458984375,7639600
2022-08-22,136.1999969482422,136.72000122070312,134.44000244140625,134.57000732421875,132.05047607421875,6222400
2022-08-23,134.61000061035156,134.9600067138672,133.2100067138672,134.0,131.4911346435547,5651700
2022-08-24,134.35000610351562,135.2899932861328,133.60000610351562,134.97000122070312,132.44297790527344,5255500
2022-08-25,135.27999877929688,135.99000549316406,135.02999877929688,135.8699951171875,133.3261260986328,6471500
2022-08-26,136.11000061035156,136.8300018310547,131.50999450683594,131.60000610351562,129.13607788085938,7110600
2022-08-29,130.8300018310547,133.8699951171875,130.58999633789062,132.8800048828125,130.3921356201172,5793900
2022-08-30,133.33999633789062,133.64999389648438,131.74000549316406,132.47999572753906,129.9995880126953,4822700
2022-08-31,132.77999877929688,133.7899932861328,131.92999267578125,132.5500030517578,130.0682830810547,7486900
2022-09-01,132.5399932861328,135.13999938964844,132.39999389648438,134.47999572753906,131.962158203125,7247300
2022-09-02,134.85000610351562,135.6699981689453,132.44000244140625,133.0,130.50985717773438,5744800
2022-09-06,133.0500030517578,133.6199951171875,130.72000122070312,132.33999633789062,129.86221313476562,7299900
2022-09-07,133.05999755859375,135.97000122070312,132.74000549316406,135.74000549316406,133.19857788085938,5686300
2022-09-08,135.39999389648438,136.8699951171875,134.8800048828125,136.42999267578125,133.87564086914062,5652000
2022-09-09,136.3000030517578,137.5,136.1300048828125,136.83999633789062,134.2779541015625,5380200
2022-09-12,137.0800018310547,138.25,136.97000122070312,138.07000732421875,135.48495483398438,4761500
2022-09-13,136.86000061035156,137.9499969482422,134.80999755859375,135.22000122070312,132.6883087158203,5895800
2022-09-14,135.6300048828125,136.52999877929688,134.10000610351562,134.9199981689453,132.3939208984375,6644900
2022-09-15,135.0500030517578,135.14999389648438,132.97000122070312,133.47000122070312,130.97105407714844,6729800
2022-09-16,132.0,134.5500030517578,131.27999877929688,133.19000244140625,130.69631958007812,13958100
2022-09-19,132.82000732421875,134.75999450683594,132.47000122070312,134.3300018310547,131.81495666503906,5617700
2022-09-20,133.47999572753906,133.8800048828125,132.5399932861328,133.5500030517578,131.049560546875,4654500
2022-09-21,135.44000244140625,137.4499969482422,134.6199951171875,134.77000427246094,132.24673461914062,8301200
2022-09-22,134.57000732421875,134.72000122070312,132.83999633789062,133.38999938964844,130.89256286621094,5581500
2022-09-23,132.8699951171875,133.17999267578125,128.77000427246094,130.05999755859375,127.62490844726562,9065100
2022-09-26,128.75,132.13999938964844,128.27000427246094,131.30999755859375,128.8514862060547,7670400
2022-09-27,132.22999572753906,133.42999267578125,130.3000030517578,130.9499969482422,128.4982452392578,5723900
2022-09-28,131.41000366210938,133.64999389648438,129.72000122070312,133.11000061035156,130.6177978515625,5612800
2022-09-29,133.5,134.1199951171875,131.6300048828125,132.25,129.77392578125,5080500
2022-09-30,132.24000549316406,132.36000061035156,129.6999969482422,129.6999969482422,127.27165985107422,6534100
2022-10-03,130.24000549316406,132.7899932861328,130.00999450683594,132.52999877929688,130.0486602783203,5858300
2022-10-04,133.86000061035156,135.1999969482422,133.3699951171875,134.25,131.73646545410156,5378100
2022-10-05,133.75999450683594,134.6199951171875,132.50999450683594,132.9199981689453,130.4313507080078,4851300
2022-10-06,133.0800018310547,134.47999572753906,131.5800018310547,131.67999267578125,129.21458435058594,4733500
2022-10-07,131.30999755859375,131.64999389648438,128.07000732421875,128.55999755859375,126.15298461914062,5693500
2022-10-10,129.52999877929688,129.92999267578125,128.27999877929688,129.32000732421875,126.89877319335938,3803900
2022-10-11,129.50999450683594,133.8000030517578,129.4600067138672,132.6699981689453,130.18603515625,7092000
2022-10-12,133.00999450683594,134.77000427246094,130.97000122070312,131.1699981689453,128.71412658691406,5649200
2022-10-13,129.27999877929688,132.94000244140625,128.3699951171875,132.27999877929688,129.8033447265625,6848500
2022-10-14,132.44000244140625,133.22000122070312,130.0500030517578,130.42999267578125,127.98795318603516,5547000
2022-10-17,130.9600067138672,132.8300018310547,130.58999633789062,131.3699951171875,128.91038513183594,5937500
2022-10-18,133.42999267578125,135.10000610351562,133.3300018310547,134.13999938964844,131.6285400390625,5614100
2022-10-19,134.3300018310547,134.72999572753906,132.97000122070312,133.75999450683594,131.25563049316406,3779800
2022-10-20,133.97999572753906,135.39999389648438,133.64999389648438,134.08999633789062,131.5794677734375,4251600
2022-10-21,134.80999755859375,137.41000366210938,134.0,136.8000030517578,134.2387237548828,6044900
2022-10-24,137.4499969482422,140.47999572753906,137.1300048828125,139.41000366210938,136.7998504638672,6268900
2022-10-25,139.08999633789062,140.44000244140625,138.32000732421875,140.07000732421875,137.44749450683594,5017100
2022-10-26,140.36000061035156,142.0399932861328,139.82000732421875,141.13999938964844,138.49745178222656,6918100
2022-10-27,141.00999450683594,142.10000610351562,140.2899932861328,140.72999572753906,138.0951385498047,5534300
2022-10-28,140.0500030517578,142.89999389648438,140.0399932861328,142.50999450683594,139.841796875,4549400
2022-10-31,142.33999633789062,143.07000732421875,141.77000427246094,142.3300018310547,139.6652069091797,7524000
2022-11-01,142.97000122070312,143.5500030517578,141.5,141.69000244140625,139.0371551513672,4938100
2022-11-02,141.16000366210938,143.57000732421875,140.6999969482422,140.75,138.11476135253906,5174000
2022-11-03,139.50999450683594,141.7100067138672,139.0800018310547,140.72000122070312,138.0853271484375,3658800
2022-11-04,142.02999877929688,142.2100067138672,138.7899932861328,140.97000122070312,138.3306427001953,4889800
2022-11-07,141.25999450683594,142.97000122070312,141.25999450683594,142.4499969482422,139.78292846679688,3788000
2022-11-08,142.5800018310547,144.07000732421875,141.50999450683594,142.7899932861328,140.11656188964844,5022800
2022-11-09,142.75999450683594,143.16000366210938,139.2100067138672,139.47000122070312,136.8587188720703,5310700
2022-11-10,142.50999450683594,142.69000244140625,140.5,142.36000061035156,139.69461059570312,6770200
2022-11-11,142.6699981689453,143.1199951171875,139.99000549316406,142.5800018310547,139.9105224609375,6423600
2022-11-14,141.63999938964844,143.32000732421875,138.27000427246094,138.38999938964844,135.79891967773438,12508600
2022-11-15,145.61000061035156,150.27000427246094,144.5500030517578,147.44000244140625,144.67950439453125,25516200
2022-11-16,147.8800048828125,150.1999969482422,147.1199951171875,148.5,145.71966552734375,10864400
2022-11-17,147.00999450683594,148.72999572753906,146.7100067138672,148.0,145.22900390625,8263800
2022-11-18,149.6699981689453,150.24000549316406,148.77000427246094,150.22999572753906,147.41726684570312,6329000
2022-11-21,150.61000061035156,152.13999938964844,150.19000244140625,151.14999389648438,148.32003784179688,7052400
2022-11-22,152.0,152.4499969482422,151.1199951171875,151.69000244140625,148.84994506835938,5632800
2022-11-23,152.0800018310547,153.3699951171875,151.8800048828125,152.4199981689453,149.56625366210938,5640200
2022-11-25,152.1199951171875,153.08999633789062,151.86000061035156,153.07000732421875,150.2041015625,2925800
2022-11-28,152.72000122070312,154.63999938964844,152.72000122070312,153.50999450683594,150.63584899902344,5891600
2022-11-29,153.02999877929688,153.7100067138672,152.5500030517578,152.97000122070312,150.10597229003906,4613900
2022-11-30,152.61000061035156,152.77000427246094,151.1999969482422,152.4199981689453,149.56625366210938,10446000
2022-12-01,152.0500030517578,153.61000061035156,150.72999572753906,153.3699951171875,150.49847412109375,7577400
2022-12-02,151.47999572753906,153.24000549316406,151.47999572753906,153.22000122070312,150.35128784179688,6911000
2022-12-05,152.75,153.0,150.50999450683594,151.64999389648438,148.8106689453125,7869400
2022-12-06,151.1999969482422,151.91000366210938,149.2100067138672,149.88999938964844,147.08363342285156,6875200
2022-12-07,150.5,151.2100067138672,148.82000732421875,149.11000061035156,146.3182373046875,5850100
2022-12-08,149.16000366210938,149.27999877929688,148.13999938964844,148.77999877929688,146.54478454589844,4504200
2022-12-09,147.47000122070312,147.72000122070312,145.22000122070312,145.30999755859375,143.1269073486328,9309800
2022-12-12,145.89999389648438,148.10000610351562,145.55999755859375,148.02000427246094,145.79620361328125,6477400
2022-12-13,150.0,150.1999969482422,146.74000549316406,147.49000549316406,145.274169921875,7802700
2022-12-14,147.08999633789062,148.52999877929688,145.9600067138672,146.6699981689453,144.4664764404297,6778200
2022-12-15,145.5800018310547,146.4199981689453,143.6300048828125,145.36000061035156,143.17616271972656,5838000
2022-12-16,144.47999572753906,144.72000122070312,142.57000732421875,142.75,140.60537719726562,13447700
2022-12-19,143.00999450683594,143.55999755859375,141.72999572753906,142.8000030517578,140.65463256835938,5022500
2022-12-20,142.9199981689453,144.63999938964844,142.25,144.0500030517578,141.88583374023438,5669800
2022-12-21,144.32000732421875,145.94000244140625,144.25999450683594,145.17999267578125,142.9988555908203,4575500
2022-12-22,144.77000427246094,144.97999572753906,141.92999267578125,143.47999572753906,141.32440185546875,4360800
2022-12-23,143.0500030517578,143.8000030517578,142.27999877929688,143.77000427246094,141.61004638671875,3182500
2022-12-27,144.0399932861328,144.4499969482422,143.19000244140625,143.80999755859375,141.6494598388672,3348200
2022-12-28,143.47000122070312,143.6699981689453,140.91000366210938,141.2899932861328,139.1673126220703,5082100
2022-12-29,142.13999938964844,143.02000427246094,141.75,142.14999389648438,140.01438903808594,3057300
2022-12-30,141.55999755859375,141.99000549316406,140.80999755859375,141.7899932861328,139.6597900390625,3835300
2023-01-03,142.5500030517578,143.7100067138672,142.08999633789062,143.60000610351562,141.44261169433594,5749900
2023-01-04,143.4199981689453,144.0500030517578,142.07000732421875,143.75999450683594,141.60020446777344,4446100
2023-01-05,143.4600067138672,144.1300048828125,142.64999389648438,143.27000427246094,141.11758422851562,4424800
2023-01-06,144.60000610351562,147.5500030517578,144.24000549316406,146.77999877929688,144.57484436035156,7077300
2023-01-09,146.32000732421875,147.86000061035156,144.8000030517578,144.9499969482422,142.77232360839844,5918900
2023-01-10,144.94000244140625,145.4499969482422,143.72999572753906,144.86000061035156,142.6836700439453,3990200
2023-01-11,145.74000549316406,146.17999267578125,144.72999572753906,146.1300048828125,143.93460083007812,4944900
2023-01-12,146.41000366210938,146.4199981689453,144.38999938964844,144.80999755859375,142.63442993164062,4157600
2023-01-13,145.52999877929688,145.82000732421875,143.86000061035156,145.2899932861328,143.10720825195312,4566600
2023-01-17,145.2899932861328,145.7100067138672,144.1999969482422,144.41000366210938,142.2404327392578,5040800
2023-01-18,144.1999969482422,144.25,140.47999572753906,140.83999633789062,138.72409057617188,7558100
2023-01-19,141.38999938964844,141.52999877929688,138.7899932861328,138.8300018310547,136.7442626953125,5780700
2023-01-20,139.39999389648438,140.77999877929688,138.1699981689453,140.5399932861328,138.42857360839844,9847700
2023-01-23,140.4600067138672,143.00999450683594,140.1999969482422,142.63999938964844,140.4970245361328,4383300
2023-01-24,146.5500030517578,146.5500030517578,141.0,143.02000427246094,140.871337890625,4556400
2023-01-25,142.24000549316406,142.83999633789062,140.38999938964844,142.33999633789062,140.20152282714844,4163900
2023-01-26,143.02999877929688,143.75,141.75999450683594,142.2100067138672,140.07350158691406,5273000
2023-01-27,142.60000610351562,144.47000122070312,141.75,143.3000030517578,141.14712524414062,6137600
2023-01-30,142.1199951171875,142.4499969482422,141.27000427246094,142.14999389648438,140.01438903808594,5299200
2023-01-31,142.32000732421875,143.8800048828125,141.66000366210938,143.8699951171875,141.7085418701172,4701200
2023-02-01,143.66000366210938,145.61000061035156,142.6999969482422,144.6699981689453,142.4965362548828,4283100
2023-02-02,144.41000366210938,144.86000061035156,142.94000244140625,143.6199951171875,141.46229553222656,5935600
2023-02-03,143.36000061035156,143.9600067138672,140.86000061035156,141.7100067138672,139.5810089111328,5718500
2023-02-06,141.82000732421875,142.10000610351562,140.02999877929688,140.67999267578125,138.56646728515625,5818000
2023-02-07,139.77000427246094,141.3000030517578,138.69000244140625,140.97999572753906,138.86196899414062,5447100
2023-02-08,140.3300018310547,141.10000610351562,139.99000549316406,140.22000122070312,138.1134033203125,3897100
2023-02-09,140.8699951171875,141.94000244140625,140.57000732421875,141.52000427246094,139.3938751220703,4354800
2023-02-10,143.08999633789062,143.94000244140625,142.1699981689453,143.72000122070312,141.56080627441406,5000900
2023-02-13,144.7100067138672,146.1199951171875,144.50999450683594,145.91000366210938,143.71791076660156,5338600
2023-02-14,145.72999572753906,147.1300048828125,144.55999755859375,145.49000549316406,143.30421447753906,4610400
2023-02-15,144.9600067138672,146.60000610351562,144.55999755859375,146.57000732421875,144.3679962158203,4891400
2023-02-16,145.47999572753906,145.99000549316406,144.17999267578125,144.27000427246094,142.1025390625,5437400
2023-02-17,145.11000061035156,146.69000244140625,144.57000732421875,146.44000244140625,144.2399444580078,8256900
2023-02-21,142.8800048828125,148.33999633789062,142.14999389648438,147.3300018310547,145.1165771484375,18131300
2023-02-22,146.77000427246094,147.57000732421875,142.75999450683594,144.24000549316406,142.072998046875,9948000
2023-02-23,144.3699951171875,144.3699951171875,140.7100067138672,142.08999633789062,139.95529174804688,7340400
2023-02-24,140.83999633789062,142.74000549316406,139.52999877929688,142.47000122070312,140.32957458496094,6874500
2023-02-27,142.7100067138672,143.08999633789062,140.66000366210938,141.44000244140625,139.31504821777344,5549100
2023-02-28,141.0,142.64999389648438,140.9499969482422,142.1300048828125,139.99468994140625,6018000
2023-03-01,141.05999755859375,141.27999877929688,139.3699951171875,140.14999389648438,138.04443359375,4726700
2023-03-02,139.83999633789062,140.74000549316406,139.5,140.5,138.38919067382812,4928500
2023-03-03,141.0399932861328,141.19000244140625,139.77000427246094,140.6699981689453,138.55662536621094,5629600
2023-03-06,140.5,140.97999572753906,140.02000427246094,140.64999389648438,138.53692626953125,5573600
2023-03-07,141.17999267578125,141.67999267578125,138.7899932861328,139.25,137.157958984375,5795800
2023-03-08,138.55999755859375,138.9199981689453,137.27999877929688,138.10000610351562,136.02525329589844,6363600
2023-03-09,138.8300018310547,138.97999572753906,136.9199981689453,137.1699981689453,135.10922241210938,5138600
2023-03-10,137.02000427246094,138.27999877929688,136.08999633789062,136.97000122070312,134.91220092773438,6688400
2023-03-13,136.67999267578125,138.5,136.5800018310547,137.3699951171875,135.3061981201172,9380700
2023-03-14,137.69000244140625,138.27000427246094,137.0,138.10000610351562,136.02525329589844,8514200
2023-03-15,136.88999938964844,139.80999755859375,136.7100067138672,139.63999938964844,137.54208374023438,11044500
2023-03-16,139.42999267578125,139.64999389648438,137.8800048828125,138.27999877929688,136.76077270507812,9635200
2023-03-17,138.19000244140625,139.49000549316406,137.58999633789062,139.39999389648438,137.86846923828125,14360400
2023-03-20,140.10000610351562,141.9199981689453,139.80999755859375,140.89999389648438,139.35198974609375,11309500
2023-03-21,141.38999938964844,141.38999938964844,139.52999877929688,140.4199981689453,138.8772735595703,6337800
2023-03-22,140.63999938964844,141.22000122070312,139.4600067138672,139.52000427246094,137.98715209960938,6182800
2023-03-23,140.1999969482422,141.61000061035156,139.49000549316406,140.64999389648438,139.104736328125,7348100
2023-03-24,141.00999450683594,142.47000122070312,140.60000610351562,141.8000030517578,140.2421112060547,7584100
2023-03-27,142.7899932861328,144.97999572753906,142.77999877929688,144.1699981689453,142.58607482910156,8925200
2023-03-28,143.64999389648438,144.41000366210938,143.0500030517578,143.61000061035156,142.0322265625,7094300
2023-03-29,144.3699951171875,144.9600067138672,143.4499969482422,144.22999572753906,142.64540100097656,8072300
2023-03-30,145.5,146.60000610351562,145.02000427246094,145.6699981689453,144.069580078125,7293000
2023-03-31,146.5800018310547,148.44000244140625,146.47000122070312,147.4499969482422,145.83001708984375,6956000
2023-04-03,147.72999572753906,148.9499969482422,147.5,148.69000244140625,147.05641174316406,6588900
2023-04-04,148.52999877929688,148.7899932861328,147.02000427246094,147.22999572753906,145.61244201660156,6037900
2023-04-05,147.1699981689453,149.8800048828125,147.13999938964844,149.6699981689453,148.02565002441406,8846900
2023-04-06,148.8000030517578,151.0399932861328,148.52000427246094,150.8000030517578,149.14321899414062,5963900
2023-04-10,150.36000061035156,151.1199951171875,149.77000427246094,150.50999450683594,148.85641479492188,4839700
2023-04-11,151.0,151.0,149.6199951171875,150.07000732421875,148.4212646484375,6123500
2023-04-12,149.7899932861328,150.97000122070312,149.1699981689453,149.33999633789062,147.69924926757812,3736600
2023-04-13,149.64999389648438,150.0,148.1999969482422,149.49000549316406,147.84762573242188,4424200
2023-04-14,149.02999877929688,149.88999938964844,148.14999389648438,148.47999572753906,146.8487091064453,3488300
2023-04-17,148.63999938964844,149.6699981689453,148.5,149.52000427246094,147.87730407714844,5388900
2023-04-18,149.77999877929688,150.33999633789062,149.44000244140625,149.85000610351562,148.20367431640625,4494100
2023-04-19,150.83999633789062,151.41000366210938,149.77000427246094,150.00999450683594,148.36190795898438,4144500
2023-04-20,150.2100067138672,151.38999938964844,149.60000610351562,150.97000122070312,149.3113555908203,4547200
2023-04-21,151.9600067138672,152.3000030517578,151.17999267578125,151.72999572753906,150.06300354003906,8445000
2023-04-24,151.7100067138672,152.9499969482422,151.7100067138672,152.75999450683594,151.08168029785156,4526500
2023-04-25,153.2899932861328,153.75,151.3300018310547,151.57000732421875,149.90476989746094,5748900
2023-04-26,150.97999572753906,151.41000366210938,150.22000122070312,150.91000366210938,149.25201416015625,4303400
2023-04-27,150.77999877929688,151.94000244140625,150.77999877929688,151.3800048828125,149.71685791015625,4287000
2023-04-28,151.2899932861328,152.1699981689453,150.17999267578125,150.97000122070312,149.3113555908203,4693900
2023-05-01,151.0399932861328,152.5399932861328,150.92999267578125,151.58999633789062,149.92454528808594,3803200
2023-05-02,151.47000122070312,151.49000549316406,149.4600067138672,151.17999267578125,149.51902770996094,3776500
2023-05-03,151.55999755859375,152.10000610351562,150.27000427246094,150.6199951171875,148.96519470214844,4111500
2023-05-04,150.5500030517578,150.99000549316406,149.49000549316406,150.47000122070312,149.38217163085938,4670400
2023-05-05,150.3000030517578,152.00999450683594,149.8300018310547,151.77000427246094,150.6727752685547,4850000
2023-05-08,151.27000427246094,152.9499969482422,151.05999755859375,152.72000122070312,151.61590576171875,4975400
2023-05-09,152.72000122070312,153.17999267578125,152.33999633789062,152.97999572753906,151.87400817871094,5069900
2023-05-10,153.69000244140625,154.35000610351562,151.22999572753906,152.5500030517578,151.44712829589844,5275900
2023-05-11,152.5500030517578,153.27000427246094,152.0,153.1199951171875,152.01300048828125,3975600
2023-05-12,153.60000610351562,154.07000732421875,152.7100067138672,153.07000732421875,151.96336364746094,5371800
2023-05-15,153.5,153.85000610351562,151.3800048828125,151.8800048828125,150.781982421875,5371300
2023-05-16,150.85000610351562,151.52999877929688,149.57000732421875,149.77999877929688,148.6971435546875,5170700
2023-05-17,151.13999938964844,151.14999389648438,148.7100067138672,149.52999877929688,148.44895935058594,8995300
2023-05-18,151.8000030517578,154.2899932861328,149.9499969482422,151.47000122070312,150.37493896484375,15589500
2023-05-19,151.39999389648438,151.4600067138672,149.11000061035156,149.91000366210938,148.8262176513672,9195600
2023-05-22,149.6999969482422,150.0800018310547,148.2899932861328,148.58999633789062,147.5157470703125,5372600
2023-05-23,148.00999450683594,148.86000061035156,147.0800018310547,148.30999755859375,147.23777770996094,5434100
2023-05-24,148.50999450683594,148.5399932861328,146.3000030517578,147.6300048828125,146.5626983642578,6838400
2023-05-25,146.8800048828125,147.44000244140625,145.08999633789062,146.16000366210938,145.10333251953125,7099700
2023-05-26,145.6999969482422,146.82000732421875,145.47000122070312,146.4199981689453,145.36143493652344,5240300
2023-05-30,146.3000030517578,147.2899932861328,145.60000610351562,146.05999755859375,145.00404357910156,5247500
2023-05-31,145.4199981689453,147.30999755859375,145.00999450683594,146.8699951171875,145.80819702148438,10043600
2023-06-01,146.2100067138672,147.89999389648438,145.94000244140625,147.41000366210938,146.3442840576172,6746400
2023-06-02,147.22000122070312,149.00999450683594,147.10000610351562,148.82000732421875,147.7440948486328,6391300
2023-06-05,149.3699951171875,151.25,149.3699951171875,149.8000030517578,148.71702575683594,5184400
2023-06-06,149.6999969482422,150.19000244140625,148.50999450683594,149.77999877929688,148.6971435546875,5005200
2023-06-07,149.25,150.36000061035156,149.0399932861328,150.0,148.91555786132812,8085500
2023-06-08,150.38999938964844,152.42999267578125,149.7899932861328,152.1699981689453,151.0698699951172,6291000
2023-06-09,152.16000366210938,153.72000122070312,151.60000610351562,153.08999633789062,151.9832305908203,5201300
2023-06-12,153.42999267578125,154.3000030517578,153.1699981689453,154.10000610351562,152.98593139648438,4904500
2023-06-13,154.52000427246094,155.50999450683594,154.07000732421875,155.3000030517578,154.17726135253906,5246300
2023-06-14,155.91000366210938,157.3300018310547,155.61000061035156,156.8699951171875,155.7358856201172,7034400
2023-06-15,157.0,158.22999572753906,156.97999572753906,157.72999572753906,156.5896759033203,6053500
2023-06-16,158.0800018310547,158.14999389648438,155.27999877929688,155.52999877929688,154.40557861328125,11556700
2023-06-20,154.6999969482422,155.4499969482422,153.8800048828125,154.16000366210938,153.0454864501953,6664800
2023-06-21,154.2100067138672,155.33999633789062,153.36000061035156,154.4600067138672,153.3433380126953,6417000
2023-06-22,154.97999572753906,156.0800018310547,154.47999572753906,155.75,154.62399291992188,4435800
2023-06-23,155.8800048828125,156.2899932861328,155.02000427246094,155.4600067138672,154.3361053466797,6325000
2023-06-26,155.64999389648438,155.77999877929688,154.32000732421875,155.0500030517578,153.92906188964844,4702100
2023-06-27,154.14999389648438,155.85000610351562,154.05999755859375,154.49000549316406,153.37310791015625,4031200
2023-06-28,154.72999572753906,155.67999267578125,154.63999938964844,155.3300018310547,154.20703125,6296600
2023-06-29,154.50999450683594,154.75,153.13999938964844,154.27999877929688,153.1646270751953,7176800
2023-06-30,154.97000122070312,157.52999877929688,154.77999877929688,157.17999267578125,156.04364013671875,6357000
2023-07-03,156.80999755859375,158.44000244140625,156.3300018310547,158.1999969482422,157.0562744140625,2882500
2023-07-05,158.16000366210938,159.1199951171875,157.33999633789062,158.11000061035156,156.96693420410156,5861800
2023-07-06,157.92999267578125,158.17999267578125,156.8699951171875,157.11000061035156,155.9741668701172,4809000
2023-07-07,155.80999755859375,156.2899932861328,153.4499969482422,153.49000549316406,152.38034057617188,6588700
2023-07-10,154.55999755859375,155.5,154.32000732421875,154.8800048828125,153.76028442382812,4322600
2023-07-11,154.77000427246094,155.50999450683594,153.86000061035156,154.64999389648438,153.53195190429688,3821100
2023-07-12,155.30999755859375,155.88999938964844,154.82000732421875,155.0399932861328,153.9191131591797,5503300
2023-07-13,155.42999267578125,155.60000610351562,153.69000244140625,154.1300048828125,153.0157012939453,3953200
2023-07-14,154.1199951171875,154.6699981689453,153.5800018310547,154.66000366210938,153.5418701171875,3475000
2023-07-17,154.39999389648438,154.97999572753906,153.82000732421875,154.85000610351562,153.73049926757812,3378400
2023-07-18,154.6699981689453,155.66000366210938,153.86000061035156,154.57000732421875,153.45252990722656,4480100
2023-07-19,154.8000030517578,155.1999969482422,153.75,154.6199951171875,153.50216674804688,4124300
2023-07-20,154.92999267578125,157.5500030517578,154.89999389648438,157.47999572753906,156.34149169921875,4995900
2023-07-21,157.89999389648438,158.77999877929688,157.44000244140625,158.3699951171875,157.2250518798828,5652600
2023-07-24,158.4499969482422,159.47999572753906,157.55999755859375,159.3000030517578,158.14833068847656,4176600
2023-07-25,160.4600067138672,160.50999450683594,158.27999877929688,159.1699981689453,158.01925659179688,5184600
2023-07-26,159.24000549316406,160.69000244140625,158.94000244140625,159.74000549316406,158.5851593017578,5031400
2023-07-27,160.0800018310547,160.63999938964844,159.1300048828125,159.16000366210938,158.0093536376953,4466800
2023-07-28,159.2899932861328,160.94000244140625,159.2899932861328,159.91000366210938,158.75393676757812,3673400
2023-07-31,159.9600067138672,160.63999938964844,158.91000366210938,159.86000061035156,158.70428466796875,4344400
2023-08-01,159.9499969482422,160.4499969482422,158.9600067138672,159.11000061035156,157.95970153808594,3927500
2023-08-02,158.52999877929688,160.42999267578125,158.52999877929688,159.22000122070312,158.06890869140625,4220000
2023-08-03,159.02000427246094,159.5,158.50999450683594,159.25999450683594,158.10861206054688,4400900
2023-08-04,159.75999450683594,160.25,157.9600067138672,158.33999633789062,157.1952667236328,4754000
2023-08-07,159.5,161.2100067138672,159.11000061035156,160.49000549316406,159.32972717285156,4756300
2023-08-08,160.99000549316406,161.6199951171875,159.50999450683594,160.64999389648438,159.4885711669922,3672500
2023-08-09,160.91000366210938,162.10000610351562,160.7100067138672,160.91000366210938,159.74668884277344,4403200
2023-08-10,160.7899932861328,161.75,160.02999877929688,160.25999450683594,159.66697692871094,5056500
2023-08-11,160.5500030517578,161.8300018310547,160.10000610351562,161.1999969482422,160.60350036621094,4730400
2023-08-14,162.0,162.77999877929688,159.17999267578125,160.0,159.40794372558594,6937900
2023-08-15,159.5399932861328,160.7899932861328,158.9199981689453,159.17999267578125,158.59097290039062,4853100
2023-08-16,159.8800048828125,160.97000122070312,158.3699951171875,159.25999450683594,158.67068481445312,8993600
2023-08-17,160.89999389648438,161.13999938964844,155.02000427246094,155.69000244140625,155.11390686035156,17871400
2023-08-18,155.30999755859375,159.6699981689453,155.30999755859375,157.92999267578125,157.34559631347656,9316300
2023-08-21,157.6300048828125,158.83999633789062,157.0399932861328,157.50999450683594,156.92715454101562,5226400
2023-08-22,156.97000122070312,157.30999755859375,156.24000549316406,157.00999450683594,156.4290008544922,5557500
2023-08-23,156.61000061035156,158.39999389648438,156.50999450683594,158.10000610351562,157.51498413085938,4736800
2023-08-24,158.1300048828125,159.22999572753906,156.82000732421875,156.88999938964844,156.30946350097656,4677700
2023-08-25,157.17999267578125,158.0399932861328,156.5399932861328,157.82000732421875,157.23602294921875,4089000
2023-08-28,157.86000061035156,158.8300018310547,157.86000061035156,158.72000122070312,158.1326904296875,3957000
2023-08-29,159.0,160.22999572753906,158.86000061035156,160.0500030517578,159.457763671875,4234100
2023-08-30,160.39999389648438,161.2899932861328,159.9199981689453,161.1999969482422,160.60350036621094,3655900
2023-08-31,161.1199951171875,162.99000549316406,160.9600067138672,162.61000061035156,162.00828552246094,6527600
2023-09-01,162.8699951171875,162.9600067138672,160.14999389648438,161.57000732421875,160.97215270996094,4183500
2023-09-05,161.85000610351562,162.8000030517578,160.17999267578125,160.27000427246094,159.6769561767578,5069800
2023-09-06,160.39999389648438,162.1699981689453,159.91000366210938,161.47000122070312,160.8725128173828,4864900
2023-09-07,162.0,163.47999572753906,161.49000549316406,163.47000122070312,162.8651123046875,6373600
2023-09-08,163.47999572753906,163.86000061035156,163.07000732421875,163.77000427246094,163.16400146484375,4222400
2023-09-11,164.0,164.47999572753906,163.66000366210938,164.33999633789062,163.7318878173828,3970700
2023-09-12,164.5,164.92999267578125,164.0399932861328,164.52000427246094,163.91122436523438,3919100
2023-09-13,164.92999267578125,165.85000610351562,164.3699951171875,164.55999755859375,163.95108032226562,4788100
2023-09-14,165.0,165.74000549316406,164.41000366210938,165.25,164.63851928710938,4974600
2023-09-15,165.2100067138672,165.66000366210938,163.77000427246094,164.63999938964844,164.03077697753906,21266200
2023-09-18,164.67999267578125,165.1999969482422,163.25,163.4199981689453,162.81529235839844,4332600
2023-09-19,163.3800048828125,163.77999877929688,162.35000610351562,163.3800048828125,162.77545166015625,4673200
2023-09-20,163.60000610351562,164.7100067138672,162.9600067138672,163.91000366210938,163.30348205566406,3373600
2023-09-21,164.25999450683594,164.5,161.7899932861328,161.9199981689453,161.3208465576172,6260800
2023-09-22,162.22999572753906,163.22999572753906,161.9199981689453,162.35000610351562,161.74925231933594,4405000
2023-09-25,162.3699951171875,163.11000061035156,161.8699951171875,163.07000732421875,162.4665985107422,3486500
2023-09-26,162.94000244140625,163.5399932861328,162.35000610351562,162.5,161.89869689941406,4811900
2023-09-27,162.0,162.22999572753906,160.2899932861328,161.72000122070312,161.12158203125,5237000
2023-09-28,162.0,162.8300018310547,161.58999633789062,162.5399932861328,161.93853759765625,3872400
2023-09-29,163.02999877929688,163.1300048828125,159.19000244140625,159.92999267578125,159.33819580078125,6279300
2023-10-02,159.49000549316406,160.27000427246094,158.30999755859375,160.10000610351562,159.50758361816406,4330900
2023-10-03,159.69000244140625,160.75,158.67999267578125,159.08999633789062,158.50131225585938,3751100
2023-10-04,159.64999389648438,161.0500030517578,159.00999450683594,161.0,160.4042510986328,5251900
2023-10-05,160.4499969482422,160.9600067138672,159.0,159.0800018310547,158.49134826660156,4756500
2023-10-06,158.64999389648438,158.99000549316406,151.64999389648438,156.41000366210938,155.83123779296875,14202800
2023-10-09,155.0800018310547,155.85000610351562,153.25999450683594,155.83999633789062,155.26333618164062,7007500
2023-10-10,156.22999572753906,158.0800018310547,155.66000366210938,157.60000610351562,157.01683044433594,5338100
2023-10-11,158.25999450683594,159.49000549316406,157.0399932861328,158.22999572753906,157.64450073242188,4008700
2023-10-12,158.52999877929688,159.30999755859375,157.77000427246094,158.9499969482422,158.36183166503906,4504700
2023-10-13,159.25999450683594,160.4600067138672,158.89999389648438,159.8300018310547,159.23858642578125,4603000
2023-10-16,160.5399932861328,162.0800018310547,160.32000732421875,161.2100067138672,160.6134796142578,4782700
2023-10-17,160.74000549316406,161.7100067138672,160.38999938964844,161.4199981689453,160.82269287109375,3631000
2023-10-18,161.8800048828125,162.36000061035156,160.72000122070312,161.5399932861328,160.94224548339844,3519700
2023-10-19,161.42999267578125,161.82000732421875,160.22000122070312,160.77000427246094,160.17510986328125,3915300
2023-10-20,160.8300018310547,161.10000610351562,158.7100067138672,158.75999450683594,158.1725311279297,5018900
2023-10-23,158.72999572753906,161.35000610351562,158.02000427246094,161.00999450683594,160.41419982910156,5699000
2023-10-24,161.39999389648438,163.47999572753906,161.38999938964844,163.25,162.6459197998047,5845000
2023-10-25,163.16000366210938,164.3300018310547,162.47000122070312,162.75999450683594,162.15773010253906,5540600
2023-10-26,162.7100067138672,163.85000610351562,161.61000061035156,161.77000427246094,161.17140197753906,5406700
2023-10-27,161.47999572753906,161.97000122070312,160.5500030517578,161.1699981689453,160.57362365722656,4609900
2023-10-30,161.4600067138672,163.25999450683594,160.7899932861328,163.02000427246094,162.41677856445312,4217900
2023-10-31,163.0,163.6199951171875,161.9499969482422,163.41000366210938,162.80532836914062,4722800
2023-11-01,164.2100067138672,165.3800048828125,162.97999572753906,164.8699951171875,164.25991821289062,4966500
2023-11-02,164.3800048828125,166.19000244140625,163.6300048828125,165.52000427246094,164.90753173828125,5164100
2023-11-03,165.8800048828125,166.3000030517578,164.5,164.66000366210938,164.0507049560547,5746400
2023-11-06,164.5,165.6300048828125,164.07000732421875,164.8800048828125,164.2698974609375,4843000
2023-11-07,165.77000427246094,166.61000061035156,165.3300018310547,165.64999389648438,165.0370330810547,5007800
2023-11-08,165.83999633789062,166.27999877929688,163.5800018310547,164.3000030517578,163.69204711914062,5197300
2023-11-09,164.3699951171875,164.52000427246094,163.25,163.9199981689453,163.31344604492188,5026700
2023-11-10,164.5500030517578,166.44000244140625,163.89999389648438,166.19000244140625,165.57504272460938,4773300
2023-11-13,166.3800048828125,167.8699951171875,166.0500030517578,167.67999267578125,167.0595245361328,5136300
2023-11-14,168.1699981689453,169.14999389648438,167.25,167.64999389648438,167.02963256835938,6597500
2023-11-15,168.3800048828125,169.94000244140625,167.50999450683594,169.77999877929688,169.15176391601562,11923300
2023-11-16,158.75,159.4499969482422,155.5,156.0399932861328,155.4626007080078,32552900
2023-11-17,155.9499969482422,157.5399932861328,155.00999450683594,155.35000610351562,154.77516174316406,14162600
2023-11-20,155.5399932861328,156.00999450683594,155.00999450683594,155.3000030517578,154.725341796875,8887700
2023-11-21,155.4600067138672,156.85000610351562,154.1300048828125,155.86000061035156,155.28326416015625,9794100
2023-11-22,155.72000122070312,156.0500030517578,154.3800048828125,154.6699981689453,154.09767150878906,8805500
2023-11-24,155.14999389648438,156.1300048828125,154.6999969482422,156.05999755859375,155.48252868652344,4658400
2023-11-27,155.9499969482422,157.36000061035156,155.9499969482422,156.77000427246094,156.18991088867188,7797900
2023-11-28,156.66000366210938,158.9199981689453,156.66000366210938,158.63999938964844,158.052978515625,7845000
2023-11-29,158.77000427246094,158.77000427246094,155.61000061035156,156.0800018310547,155.50245666503906,9965500
2023-11-30,156.02000427246094,156.35000610351562,154.50999450683594,155.69000244140625,155.11390686035156,9975300
2023-12-01,155.3800048828125,155.61000061035156,152.6300048828125,154.33999633789062,153.76889038085938,13085300
2023-12-04,153.32000732421875,154.92999267578125,153.30999755859375,154.3000030517578,153.7290496826172,8294400
2023-12-05,154.4499969482422,155.85000610351562,153.74000549316406,155.72999572753906,155.15374755859375,7294600
2023-12-06,155.5500030517578,155.8300018310547,153.64999389648438,154.0399932861328,153.47000122070312,8815800
2023-12-07,154.35000610351562,154.5399932861328,152.22999572753906,152.4600067138672,152.4600067138672,8454200
2023-12-08,152.0,152.2100067138672,150.24000549316406,150.86000061035156,150.86000061035156,11343200
2023-12-11,151.13999938964844,151.4499969482422,149.5399932861328,151.24000549316406,151.24000549316406,10627800
2023-12-12,151.22000122070312,151.6999969482422,150.22999572753906,151.36000061035156,151.36000061035156,7127300
2023-12-13,151.5500030517578,154.0500030517578,150.63999938964844,154.0500030517578,154.0500030517578,11782900
2023-12-14,153.52000427246094,153.94000244140625,151.92999267578125,152.1699981689453,152.1699981689453,10297100
2023-12-15,151.77999877929688,153.4600067138672,151.5399932861328,152.74000549316406,152.74000549316406,23332700
2023-12-18,153.35000610351562,155.07000732421875,153.1300048828125,154.97000122070312,154.97000122070312,8772000
2023-12-19,154.83999633789062,155.69000244140625,154.08999633789062,155.52999877929688,155.52999877929688,8139000
2023-12-20,155.4199981689453,156.13999938964844,153.6199951171875,153.7100067138672,153.7100067138672,7322600
2023-12-21,154.0,155.05999755859375,153.91000366210938,154.8000030517578,154.8000030517578,6695900
2023-12-22,155.4499969482422,157.14999389648438,155.16000366210938,156.64999389648438,156.64999389648438,6467400
2023-12-26,156.64999389648438,156.99000549316406,156.11000061035156,156.41000366210938,156.41000366210938,3893300
2023-12-27,156.30999755859375,157.9499969482422,156.16000366210938,157.8800048828125,157.8800048828125,6632000
2023-12-28,157.77000427246094,158.3300018310547,157.5,157.57000732421875,157.57000732421875,5592000
2023-12-29,157.52999877929688,158.0800018310547,157.16000366210938,157.64999389648438,157.64999389648438,7314200
